# PSIPRED VFORMAT (PSIPRED V4.0)

   1 T C   0.999  0.000  0.001
   2 T C   0.930  0.003  0.067
   3 C C   0.923  0.002  0.075
   4 C C   0.966  0.000  0.034
   5 P C   0.984  0.004  0.012
   6 S C   0.966  0.024  0.010
   7 I H   0.094  0.905  0.001
   8 V H   0.072  0.926  0.002
   9 A H   0.061  0.936  0.003
  10 R H   0.078  0.919  0.003
  11 S H   0.201  0.794  0.005
  12 N H   0.222  0.768  0.010
  13 F H   0.255  0.728  0.017
  14 N H   0.394  0.587  0.019
  15 V C   0.540  0.430  0.029
  16 C C   0.747  0.223  0.031
  17 R C   0.838  0.120  0.042
  18 L C   0.955  0.022  0.023
  19 P C   0.977  0.015  0.007
  20 G C   0.975  0.017  0.008
  21 T C   0.968  0.023  0.009
  22 P C   0.928  0.068  0.004
  23 E H   0.283  0.714  0.003
  24 A H   0.146  0.843  0.011
  25 I H   0.084  0.894  0.022
  26 C H   0.089  0.884  0.027
  27 A H   0.236  0.747  0.016
  28 T C   0.577  0.415  0.008
  29 Y C   0.803  0.189  0.009
  30 T C   0.882  0.083  0.035
  31 G C   0.910  0.006  0.084
  32 C C   0.675  0.002  0.323
  33 I E   0.115  0.004  0.881
  34 I E   0.132  0.003  0.865
  35 I C   0.619  0.001  0.380
  36 P C   0.917  0.009  0.074
  37 G C   0.965  0.012  0.023
  38 A C   0.961  0.016  0.024
  39 T C   0.925  0.026  0.049
  40 C C   0.980  0.001  0.019
  41 P C   0.987  0.001  0.011
  42 G C   0.991  0.005  0.004
  43 D C   0.984  0.005  0.011
  44 Y C   0.984  0.003  0.013
  45 A C   0.985  0.002  0.014
  46 N C   1.000  0.000  0.000
