# PSIPRED VFORMAT (PSIPRED V4.0)

   1 A C   0.997  0.003  0.000
   2 K H   0.377  0.621  0.001
   3 R H   0.210  0.787  0.003
   4 E H   0.220  0.779  0.001
   5 F H   0.306  0.693  0.001
   6 N H   0.461  0.535  0.004
   7 E C   0.609  0.385  0.006
   8 N C   0.958  0.039  0.002
   9 R C   0.988  0.010  0.002
  10 Y C   0.990  0.004  0.006
  11 L C   0.991  0.003  0.005
  12 T C   0.986  0.012  0.002
  13 E H   0.019  0.981  0.000
  14 R H   0.011  0.989  0.000
  15 R H   0.008  0.992  0.000
  16 R H   0.004  0.996  0.000
  17 Q H   0.002  0.998  0.000
  18 Q H   0.003  0.997  0.000
  19 L H   0.003  0.997  0.000
  20 S H   0.003  0.997  0.000
  21 S H   0.007  0.993  0.000
  22 E H   0.021  0.979  0.000
  23 L H   0.272  0.728  0.000
  24 G C   0.991  0.009  0.000
  25 L C   0.998  0.001  0.001
  26 N C   0.996  0.004  0.000
  27 E H   0.041  0.959  0.000
  28 A H   0.023  0.977  0.000
  29 Q H   0.016  0.983  0.000
  30 I H   0.009  0.991  0.000
  31 K H   0.007  0.993  0.001
  32 I H   0.008  0.992  0.001
  33 W H   0.023  0.976  0.001
  34 F H   0.055  0.943  0.002
  35 Q H   0.077  0.921  0.002
  36 N H   0.158  0.840  0.002
  37 K H   0.208  0.788  0.004
  38 R H   0.271  0.724  0.005
  39 A H   0.375  0.621  0.004
  40 K H   0.431  0.566  0.003
  41 I H   0.484  0.508  0.009
  42 K C   0.583  0.405  0.012
  43 K C   0.877  0.118  0.004
  44 S C   0.999  0.001  0.000
