# PSIPRED VFORMAT (PSIPRED V4.0)

   1 F C   1.000  0.000  0.000
   2 N C   0.951  0.042  0.007
   3 M H   0.386  0.599  0.015
   4 Q H   0.294  0.686  0.021
   5 C H   0.240  0.740  0.019
   6 Q H   0.185  0.792  0.023
   7 R H   0.157  0.816  0.027
   8 R H   0.126  0.837  0.037
   9 F H   0.081  0.879  0.040
  10 Y H   0.067  0.893  0.040
  11 E H   0.065  0.900  0.035
  12 A H   0.089  0.883  0.028
  13 L H   0.187  0.790  0.023
  14 H H   0.404  0.580  0.016
  15 D C   0.990  0.008  0.002
  16 P C   0.979  0.020  0.001
  17 N C   0.994  0.005  0.001
  18 L C   0.979  0.018  0.003
  19 N C   0.981  0.019  0.001
  20 E H   0.045  0.954  0.001
  21 E H   0.042  0.957  0.000
  22 Q H   0.056  0.943  0.001
  23 R H   0.063  0.936  0.001
  24 N H   0.108  0.890  0.002
  25 A H   0.114  0.884  0.002
  26 K H   0.105  0.889  0.006
  27 I H   0.092  0.899  0.009
  28 K H   0.097  0.894  0.009
  29 S H   0.109  0.882  0.009
  30 I H   0.127  0.865  0.008
  31 R H   0.212  0.780  0.009
  32 D C   0.500  0.493  0.007
  33 D C   0.749  0.246  0.005
  34 C C   0.999  0.001  0.000
