# PSIPRED VFORMAT (PSIPRED V4.0)

   1 M C   1.000  0.000  0.000
   2 G C   0.998  0.001  0.001
   3 A C   0.998  0.001  0.001
   4 S C   0.998  0.001  0.001
   5 S C   0.998  0.001  0.001
   6 G C   0.998  0.001  0.001
   7 S C   0.998  0.001  0.001
   8 N C   0.998  0.001  0.002
   9 I C   0.996  0.001  0.003
  10 S C   0.992  0.002  0.007
  11 A C   0.994  0.002  0.004
  12 S C   0.996  0.001  0.003
  13 N C   0.996  0.001  0.003
  14 G C   0.993  0.001  0.006
  15 S C   0.986  0.002  0.012
  16 S C   0.977  0.002  0.021
  17 S C   0.973  0.001  0.026
  18 P C   0.948  0.002  0.050
  19 T C   0.768  0.007  0.225
  20 T E   0.441  0.011  0.548
  21 I E   0.310  0.010  0.680
  22 V E   0.276  0.010  0.714
  23 A E   0.393  0.007  0.600
  24 S C   0.779  0.003  0.217
  25 N C   0.930  0.002  0.068
  26 P C   0.897  0.004  0.098
  27 V C   0.688  0.020  0.292
  28 D C   0.731  0.024  0.245
  29 L C   0.734  0.235  0.031
  30 N C   0.657  0.329  0.015
  31 A C   0.595  0.354  0.050
  32 F C   0.529  0.356  0.114
  33 D C   0.553  0.295  0.152
  34 R C   0.544  0.250  0.206
  35 L C   0.643  0.153  0.204
  36 N C   0.661  0.042  0.298
  37 V C   0.511  0.012  0.476
  38 V E   0.413  0.007  0.580
  39 D C   0.655  0.001  0.343
  40 P C   0.982  0.008  0.010
  41 A C   0.992  0.006  0.002
  42 V C   0.990  0.009  0.001
  43 G C   0.982  0.004  0.014
  44 K C   0.778  0.004  0.217
  45 F C   0.705  0.008  0.287
  46 R C   0.889  0.006  0.104
  47 P C   0.562  0.427  0.011
  48 G H   0.492  0.503  0.005
  49 E H   0.089  0.908  0.003
  50 A H   0.026  0.973  0.001
  51 G H   0.021  0.978  0.001
  52 A H   0.007  0.993  0.001
  53 A H   0.005  0.995  0.001
  54 A H   0.006  0.994  0.000
  55 E H   0.007  0.993  0.001
  56 L H   0.010  0.990  0.001
  57 E H   0.014  0.986  0.001
  58 N H   0.025  0.974  0.001
  59 Y H   0.057  0.942  0.001
  60 L H   0.139  0.858  0.002
  61 G C   0.955  0.038  0.007
  62 G C   0.921  0.003  0.076
  63 T E   0.373  0.002  0.624
  64 L E   0.104  0.001  0.895
  65 Q E   0.041  0.001  0.958
  66 R E   0.071  0.001  0.927
  67 A C   0.599  0.001  0.400
  68 P C   0.863  0.004  0.134
  69 Q C   0.971  0.003  0.026
  70 G C   0.979  0.002  0.018
  71 S C   0.919  0.001  0.080
  72 S C   0.712  0.002  0.286
  73 V C   0.592  0.001  0.407
  74 D E   0.481  0.002  0.517
  75 F E   0.083  0.002  0.915
  76 V E   0.020  0.001  0.979
  77 F E   0.043  0.001  0.956
  78 S C   0.580  0.001  0.419
  79 S C   0.829  0.001  0.170
  80 G C   0.938  0.001  0.061
  81 P C   0.981  0.005  0.014
  82 N C   0.982  0.005  0.013
  83 N C   0.983  0.004  0.013
  84 G C   0.954  0.002  0.044
  85 K C   0.700  0.001  0.299
  86 T E   0.085  0.001  0.914
  87 V E   0.059  0.000  0.941
  88 D E   0.056  0.001  0.943
  89 F E   0.032  0.001  0.967
  90 M E   0.023  0.000  0.976
  91 L E   0.066  0.000  0.933
  92 T C   0.799  0.000  0.201
  93 P C   0.912  0.003  0.085
  94 D C   0.988  0.003  0.009
  95 T C   0.983  0.012  0.006
  96 V H   0.261  0.738  0.001
  97 A H   0.239  0.760  0.001
  98 Q H   0.202  0.797  0.000
  99 A H   0.112  0.887  0.001
 100 A H   0.101  0.899  0.000
 101 K H   0.111  0.889  0.000
 102 I H   0.112  0.887  0.000
 103 N H   0.152  0.847  0.000
 104 Q H   0.175  0.825  0.000
 105 F H   0.164  0.835  0.001
 106 F H   0.222  0.777  0.001
 107 D H   0.152  0.847  0.001
 108 K H   0.169  0.831  0.001
 109 N H   0.197  0.802  0.000
 110 L H   0.043  0.957  0.001
 111 N H   0.029  0.970  0.001
 112 N H   0.037  0.962  0.000
 113 F H   0.022  0.977  0.000
 114 M H   0.019  0.980  0.000
 115 N H   0.023  0.977  0.000
 116 T H   0.024  0.976  0.000
 117 L H   0.019  0.981  0.000
 118 S H   0.016  0.984  0.000
 119 D H   0.015  0.984  0.000
 120 H H   0.014  0.986  0.000
 121 A H   0.038  0.961  0.000
 122 A H   0.109  0.890  0.001
 123 A H   0.225  0.772  0.003
 124 A C   0.831  0.169  0.001
 125 D C   0.988  0.008  0.003
 126 F E   0.483  0.004  0.513
 127 V E   0.193  0.002  0.805
 128 P E   0.209  0.001  0.790
 129 L E   0.493  0.003  0.505
 130 A C   0.745  0.008  0.247
 131 S C   0.945  0.023  0.032
 132 R C   0.970  0.019  0.011
 133 F C   0.973  0.017  0.010
 134 L C   0.990  0.002  0.008
 135 S C   0.992  0.005  0.002
 136 E H   0.024  0.975  0.000
 137 A H   0.014  0.986  0.000
 138 N H   0.010  0.989  0.000
 139 K H   0.004  0.996  0.000
 140 T H   0.003  0.997  0.000
 141 L H   0.003  0.997  0.000
 142 L H   0.008  0.992  0.000
 143 V H   0.007  0.992  0.001
 144 K H   0.023  0.976  0.001
 145 A H   0.069  0.930  0.001
 146 I H   0.214  0.785  0.001
 147 G C   0.661  0.337  0.001
 148 N C   0.891  0.108  0.002
 149 L C   0.989  0.009  0.002
 150 P C   0.990  0.009  0.001
 151 Q C   0.767  0.226  0.007
 152 K C   0.738  0.240  0.022
 153 L C   0.724  0.248  0.028
 154 Q C   0.690  0.244  0.066
 155 A C   0.790  0.047  0.163
 156 K E   0.243  0.026  0.730
 157 I E   0.111  0.010  0.878
 158 I E   0.100  0.004  0.896
 159 L E   0.128  0.003  0.869
 160 I E   0.464  0.001  0.535
 161 K C   0.999  0.000  0.001
