# PSIPRED VFORMAT (PSIPRED V4.0)

   1 V C   0.999  0.000  0.000
   2 P C   0.952  0.041  0.008
   3 E C   0.796  0.165  0.040
   4 I C   0.682  0.252  0.066
   5 T C   0.675  0.278  0.048
   6 T H   0.446  0.505  0.048
   7 A H   0.285  0.666  0.049
   8 Q H   0.248  0.676  0.075
   9 T H   0.234  0.669  0.098
  10 I H   0.223  0.685  0.093
  11 A H   0.277  0.649  0.073
  12 N H   0.368  0.579  0.053
  13 S H   0.422  0.519  0.059
  14 V H   0.391  0.517  0.091
  15 V H   0.444  0.469  0.088
  16 D C   0.562  0.383  0.055
  17 A H   0.472  0.506  0.023
  18 K H   0.474  0.497  0.029
  19 K H   0.446  0.500  0.055
  20 F H   0.367  0.507  0.127
  21 D H   0.309  0.517  0.174
  22 Y H   0.200  0.515  0.286
  23 L H   0.174  0.509  0.317
  24 F H   0.238  0.436  0.326
  25 G C   0.454  0.249  0.297
  26 K C   0.566  0.207  0.227
  27 A C   0.699  0.161  0.140
  28 T C   0.825  0.101  0.074
  29 G C   0.914  0.047  0.039
  30 N C   0.911  0.061  0.028
  31 S C   0.639  0.321  0.040
  32 H C   0.548  0.411  0.041
  33 T H   0.432  0.522  0.046
  34 L H   0.267  0.697  0.037
  35 D H   0.277  0.709  0.014
  36 R H   0.156  0.838  0.005
  37 T H   0.102  0.896  0.003
  38 N H   0.075  0.923  0.002
  39 Q H   0.043  0.954  0.003
  40 L H   0.023  0.973  0.004
  41 A H   0.014  0.980  0.006
  42 L H   0.011  0.982  0.007
  43 E H   0.013  0.980  0.007
  44 M H   0.028  0.965  0.008
  45 K H   0.053  0.937  0.010
  46 R H   0.107  0.879  0.014
  47 L C   0.578  0.409  0.013
  48 G C   0.907  0.071  0.021
  49 V C   0.850  0.067  0.083
  50 A C   0.761  0.076  0.163
  51 D C   0.710  0.076  0.214
  52 D C   0.664  0.085  0.251
  53 I C   0.536  0.185  0.279
  54 N C   0.610  0.210  0.180
  55 G C   0.586  0.268  0.145
  56 H H   0.338  0.473  0.189
  57 A H   0.178  0.580  0.241
  58 V H   0.152  0.610  0.238
  59 L H   0.129  0.668  0.202
  60 A H   0.145  0.736  0.119
  61 E H   0.125  0.780  0.095
  62 H H   0.120  0.792  0.088
  63 F H   0.136  0.788  0.076
  64 T H   0.161  0.777  0.062
  65 Q H   0.169  0.777  0.054
  66 A H   0.215  0.739  0.046
  67 T H   0.283  0.675  0.042
  68 K H   0.307  0.663  0.030
  69 D H   0.469  0.517  0.013
  70 S H   0.473  0.520  0.006
  71 N H   0.411  0.579  0.010
  72 N H   0.316  0.644  0.040
  73 I H   0.143  0.714  0.143
  74 V H   0.084  0.712  0.204
  75 K H   0.085  0.695  0.220
  76 K H   0.110  0.664  0.227
  77 Y H   0.153  0.621  0.226
  78 T H   0.260  0.543  0.197
  79 D C   0.485  0.415  0.100
  80 Q C   0.633  0.284  0.082
  81 Y C   0.718  0.180  0.101
  82 G C   0.856  0.018  0.126
  83 S C   0.697  0.012  0.291
  84 F E   0.292  0.013  0.696
  85 E E   0.176  0.010  0.814
  86 I E   0.128  0.013  0.859
  87 R E   0.223  0.011  0.765
  88 E E   0.241  0.013  0.746
  89 S E   0.212  0.010  0.778
  90 F E   0.098  0.005  0.897
  91 F E   0.071  0.003  0.926
  92 I E   0.119  0.002  0.879
  93 G C   0.785  0.000  0.215
  94 P C   0.941  0.005  0.054
  95 S C   0.961  0.002  0.037
  96 G C   0.837  0.001  0.162
  97 K C   0.538  0.004  0.458
  98 A E   0.187  0.002  0.810
  99 T E   0.106  0.002  0.892
 100 V E   0.048  0.003  0.950
 101 F E   0.062  0.003  0.935
 102 E E   0.085  0.008  0.908
 103 S E   0.097  0.008  0.894
 104 T E   0.087  0.011  0.902
 105 F E   0.072  0.014  0.914
 106 E E   0.064  0.013  0.923
 107 V E   0.094  0.014  0.892
 108 M E   0.449  0.010  0.541
 109 K C   0.661  0.019  0.320
 110 D C   0.931  0.017  0.051
 111 G C   0.956  0.002  0.042
 112 S C   0.704  0.002  0.294
 113 H E   0.148  0.002  0.850
 114 R E   0.062  0.002  0.936
 115 F E   0.032  0.002  0.967
 116 I E   0.033  0.002  0.966
 117 T E   0.056  0.001  0.943
 118 T E   0.127  0.001  0.873
 119 I E   0.353  0.000  0.647
 120 P C   0.656  0.003  0.341
 121 K C   0.875  0.011  0.114
 122 N C   0.969  0.007  0.024
 123 G C   0.972  0.002  0.026
 124 V C   0.891  0.001  0.108
 125 T C   0.881  0.001  0.118
 126 K C   0.998  0.000  0.002
