# PSIPRED VFORMAT (PSIPRED V4.0)

   1 M C   1.000  0.000  0.000
   2 D C   0.991  0.007  0.003
   3 S C   0.978  0.020  0.002
   4 N C   0.950  0.048  0.003
   5 T C   0.797  0.183  0.020
   6 V C   0.515  0.418  0.067
   7 S H   0.435  0.488  0.077
   8 S H   0.211  0.685  0.104
   9 F H   0.166  0.712  0.122
  10 Q H   0.121  0.742  0.136
  11 V H   0.073  0.786  0.141
  12 D H   0.069  0.791  0.140
  13 C H   0.056  0.803  0.141
  14 F H   0.031  0.819  0.150
  15 L H   0.022  0.824  0.154
  16 W H   0.022  0.829  0.149
  17 H H   0.038  0.824  0.137
  18 V H   0.060  0.822  0.118
  19 R H   0.079  0.825  0.096
  20 K H   0.110  0.811  0.079
  21 Q H   0.144  0.791  0.065
  22 V H   0.213  0.739  0.048
  23 V H   0.347  0.625  0.028
  24 D H   0.479  0.508  0.013
  25 Q C   0.656  0.337  0.007
  26 E C   0.738  0.247  0.014
  27 L C   0.814  0.174  0.012
  28 G C   0.965  0.032  0.003
  29 D C   0.955  0.041  0.004
  30 A C   0.742  0.252  0.006
  31 P H   0.394  0.605  0.002
  32 F H   0.242  0.753  0.005
  33 L H   0.074  0.919  0.008
  34 D H   0.042  0.950  0.009
  35 R H   0.037  0.954  0.009
  36 L H   0.052  0.940  0.008
  37 R H   0.084  0.909  0.008
  38 R H   0.134  0.860  0.006
  39 D H   0.257  0.740  0.004
  40 Q H   0.261  0.732  0.006
  41 K H   0.279  0.711  0.010
  42 S H   0.333  0.651  0.015
  43 L H   0.389  0.589  0.022
  44 R C   0.593  0.388  0.019
  45 G C   0.817  0.169  0.014
  46 R C   0.862  0.128  0.009
  47 G C   0.831  0.148  0.021
  48 S C   0.754  0.162  0.083
  49 T C   0.642  0.208  0.150
  50 L C   0.648  0.216  0.137
  51 G C   0.709  0.192  0.099
  52 L C   0.667  0.236  0.097
  53 N C   0.660  0.268  0.072
  54 I H   0.213  0.742  0.045
  55 E H   0.152  0.813  0.034
  56 A H   0.142  0.832  0.026
  57 A H   0.152  0.829  0.019
  58 T H   0.154  0.825  0.020
  59 H H   0.124  0.859  0.018
  60 V H   0.105  0.886  0.009
  61 G H   0.088  0.907  0.004
  62 K H   0.037  0.959  0.004
  63 Q H   0.026  0.969  0.006
  64 I H   0.022  0.971  0.008
  65 V H   0.020  0.972  0.008
  66 E H   0.027  0.966  0.007
  67 K H   0.040  0.955  0.005
  68 I H   0.058  0.938  0.004
  69 L H   0.204  0.793  0.003
  70 K C   0.521  0.473  0.006
  71 E C   0.709  0.284  0.008
  72 E C   0.934  0.064  0.002
  73 D C   0.999  0.001  0.000
