   39         A         R         N         D         C         Q         E         G         H         I         L         K         M         F         P         S         T         W         Y         V         X    
  1 K   1 0.0000000 0.0493360 0.0000000 0.0554506 0.0000000 0.0301765 0.1567498 0.0000000 0.0000000 0.0000000 0.0000000 0.0341738 0.0000000 0.0000000 0.0000000 0.0000000 0.0000000 0.0000000 0.0000000 0.0000000 0.6741133
  2 L   2 0.0000000 0.0000000 0.0000000 0.0000000 0.0000000 0.0000000 0.0000000 0.0000000 0.0000000 0.0049506 0.9150660 0.0000000 0.0097369 0.0051709 0.0000000 0.0000000 0.0000000 0.0000000 0.0000000 0.0046778 0.0603977
  3 P   3 0.0034596 0.0000000 0.0000000 0.0000000 0.0000000 0.0000000 0.0039143 0.0000000 0.0000000 0.0000000 0.0041955 0.0043849 0.0000000 0.0000000 0.9312026 0.0031538 0.0035481 0.0000000 0.0000000 0.0038909 0.0422503
  4 P   4 0.1084018 0.0107757 0.0094842 0.0591133 0.0015474 0.0210758 0.1272418 0.0044839 0.0126850 0.0053950 0.0311272 0.0194634 0.0043560 0.0100088 0.4001338 0.0729219 0.0181644 0.0079359 0.0252745 0.0103284 0.0400817
  5 G   5 0.0112024 0.0021407 0.0640162 0.0122508 0.0000000 0.0034238 0.0061950 0.8265282 0.0054017 0.0000000 0.0024675 0.0044645 0.0024323 0.0088551 0.0146677 0.0068613 0.0000000 0.0000000 0.0000000 0.0000000 0.0290926
  6 W   6 0.0000000 0.0000000 0.0000000 0.0000000 0.0000000 0.0000000 0.0000000 0.0000000 0.0000000 0.0000000 0.0000000 0.0000000 0.0000000 0.0000000 0.0000000 0.0000000 0.0000000 0.9815193 0.0095907 0.0000000 0.0088900
  7 E   7 0.0101589 0.0248364 0.0000000 0.0203278 0.0000000 0.0250430 0.7626007 0.0000000 0.0037631 0.0367537 0.0046688 0.0216132 0.0039430 0.0000000 0.0000000 0.0137024 0.0322894 0.0000000 0.0000000 0.0302962 0.0100035
  8 K   8 0.1427155 0.0788041 0.0000000 0.0044453 0.0083921 0.0679552 0.2547543 0.0062384 0.0000000 0.0530590 0.0078898 0.1327156 0.0817887 0.0016630 0.0028906 0.0362463 0.0234093 0.0049547 0.0015405 0.0876082 0.0029293
  9 R   9 0.1681944 0.5717485 0.0016841 0.0029942 0.0120316 0.0170036 0.0030397 0.0124707 0.0259136 0.0238829 0.0228691 0.0652585 0.0044642 0.0061466 0.0000000 0.0106580 0.0121835 0.0000000 0.0130434 0.0205197 0.0058939
 10 M  10 0.0206194 0.0679871 0.0067421 0.0102817 0.0035307 0.0593882 0.0548984 0.0000000 0.0490365 0.0739799 0.0855210 0.0502054 0.0440226 0.0503826 0.0048622 0.0120934 0.0928432 0.0323160 0.1265233 0.1290786 0.0256877
 11 S  11 0.0173478 0.0061839 0.0000000 0.5453244 0.0000000 0.0000000 0.0069730 0.0000000 0.0000000 0.0000000 0.0000000 0.0000000 0.0029961 0.0000000 0.0048622 0.1597096 0.2014571 0.0000000 0.0000000 0.0039871 0.0511588
 12 R  12 0.0206938 0.0789500 0.0356264 0.0164750 0.0000000 0.0558285 0.0558771 0.0037160 0.0387207 0.0128418 0.0193988 0.0513146 0.0020225 0.0065740 0.2635868 0.0242958 0.0357086 0.0000000 0.0120655 0.0035825 0.2627217
 13 S  13 0.1167310 0.0206715 0.1099262 0.0371115 0.0000000 0.0436568 0.0164042 0.0221226 0.0118882 0.0052342 0.0036574 0.0304534 0.0020677 0.0017250 0.0251707 0.2340134 0.0601507 0.0000000 0.0024140 0.0417510 0.2148506
 14 S  14 0.0068365 0.0327748 0.1126288 0.1068726 0.0016131 0.0356721 0.0620865 0.0026999 0.0576360 0.0189822 0.0489710 0.0735325 0.0057143 0.0153636 0.0000000 0.1505320 0.1644103 0.0000000 0.0518522 0.0198181 0.0320033
 15 G  15 0.0136332 0.0095625 0.0607248 0.0058743 0.0000000 0.0130064 0.0045685 0.8421017 0.0000000 0.0000000 0.0000000 0.0375036 0.0000000 0.0000000 0.0000000 0.0044219 0.0000000 0.0000000 0.0000000 0.0000000 0.0086032
 16 R  16 0.0156080 0.5215363 0.0107475 0.0119503 0.0024259 0.0738107 0.0375038 0.0042826 0.0216901 0.0104832 0.0401168 0.1072447 0.0130027 0.0049143 0.0000000 0.0072370 0.0166685 0.0215194 0.0000000 0.0217760 0.0574822
 17 V  17 0.0242421 0.0463193 0.0068277 0.0000000 0.0020619 0.0052433 0.0211681 0.0033205 0.0044680 0.0951438 0.0178066 0.0433322 0.0066485 0.0223290 0.1382534 0.0287883 0.1830827 0.0110195 0.0482725 0.2853388 0.0063339
 18 Y  18 0.0000000 0.0000000 0.0000000 0.0000000 0.0060519 0.0092672 0.0000000 0.0000000 0.0033970 0.0051620 0.0066032 0.0000000 0.0000000 0.1485873 0.0000000 0.0000000 0.0000000 0.0000000 0.8114638 0.0094676 0.0000000
 19 Y  19 0.0000000 0.0000000 0.0000000 0.0000000 0.0000000 0.0000000 0.0000000 0.0000000 0.0000000 0.0000000 0.0000000 0.0000000 0.0000000 0.2563265 0.0000000 0.0000000 0.0000000 0.0000000 0.7436735 0.0000000 0.0000000
 20 F  20 0.0248157 0.0032716 0.0000000 0.0038780 0.0088430 0.0028307 0.0064113 0.0128077 0.0000000 0.2396530 0.0579820 0.0021399 0.0069584 0.0896701 0.0000000 0.0046604 0.0000000 0.0032050 0.0837155 0.4491576 0.0000000
 21 N  21 0.0000000 0.0000000 0.4657932 0.4397628 0.0041174 0.0055701 0.0041751 0.0000000 0.0683860 0.0000000 0.0000000 0.0000000 0.0000000 0.0000000 0.0000000 0.0079328 0.0000000 0.0000000 0.0042627 0.0000000 0.0000000
 22 H  22 0.0181830 0.0282000 0.0083353 0.0000000 0.0000000 0.0384545 0.0262122 0.0042094 0.6823117 0.0102716 0.0314966 0.0096297 0.0047571 0.0026514 0.0361367 0.0119698 0.0451520 0.0000000 0.0026309 0.0393980 0.0000000
 23 I  23 0.0791984 0.0173245 0.3383590 0.0081660 0.0025240 0.0408720 0.0488138 0.0077602 0.0244808 0.1097128 0.0403166 0.0357054 0.0046100 0.0194619 0.0152092 0.0348003 0.0528783 0.0019948 0.0210142 0.0967980 0.0000000
 24 T  24 0.0252798 0.0052901 0.1532909 0.0206907 0.0029444 0.0041266 0.0272319 0.0033497 0.0029119 0.0047602 0.0192231 0.0027831 0.0000000 0.0022919 0.0000000 0.0775936 0.6415497 0.0000000 0.0033162 0.0000000 0.0033664
 25 N  25 0.0000000 0.4277886 0.0503400 0.0000000 0.0000000 0.0849432 0.0114340 0.0913467 0.0135135 0.0000000 0.0024168 0.2855440 0.0036534 0.0000000 0.0000000 0.0210206 0.0054729 0.0025263 0.0000000 0.0000000 0.0000000
 26 A  26 0.0370954 0.0673469 0.0075244 0.0052901 0.0055184 0.0429590 0.1175081 0.0051765 0.0084242 0.0340514 0.0048409 0.0936781 0.0021441 0.0037032 0.0033205 0.0770966 0.4448019 0.0000000 0.0000000 0.0395203 0.0000000
 27 S  27 0.0028543 0.0026731 0.0028760 0.0000000 0.0033095 0.0000000 0.0000000 0.0027157 0.0000000 0.0000000 0.0000000 0.0042094 0.0023772 0.0000000 0.0000000 0.1676737 0.7978741 0.0000000 0.0026045 0.0085278 0.0023047
 28 Q  28 0.0018474 0.0413009 0.0019971 0.0030717 0.0031724 0.4677370 0.0000000 0.0000000 0.0207784 0.0000000 0.0018979 0.0073509 0.0000000 0.0000000 0.0038351 0.1065123 0.3178733 0.0000000 0.0042069 0.0035999 0.0148190
 29 W  29 0.0039311 0.0000000 0.0000000 0.0000000 0.0000000 0.0000000 0.0000000 0.0000000 0.0000000 0.0141280 0.0191835 0.0000000 0.0000000 0.0607996 0.0000000 0.0000000 0.0000000 0.8481409 0.0389979 0.0000000 0.0148190
 30 E  30 0.0067547 0.0094715 0.0361058 0.1268906 0.0015293 0.0654572 0.4375608 0.0023640 0.0175776 0.0384550 0.0166719 0.0301770 0.0054382 0.0042999 0.0000000 0.0404164 0.1042404 0.0000000 0.0062120 0.0325336 0.0178441
 31 R  31 0.0061218 0.3368022 0.0226448 0.3121418 0.0022110 0.0056766 0.0068257 0.0000000 0.0843555 0.0055240 0.0219415 0.0555496 0.0019987 0.0222538 0.0891761 0.0050124 0.0048383 0.0000000 0.0000000 0.0096009 0.0073252
 32 P  32 0.0000000 0.0148190 0.0000000 0.0000000 0.0000000 0.0000000 0.0000000 0.0000000 0.0000000 0.0000000 0.0000000 0.0000000 0.0000000 0.0000000 0.9665476 0.0000000 0.0000000 0.0000000 0.0000000 0.0000000 0.0186334
 33 S  33 0.0426017 0.3464714 0.0134585 0.0075776 0.0041359 0.0274517 0.0272500 0.0167250 0.0016494 0.0093539 0.0178134 0.0284560 0.0023937 0.0060844 0.0131003 0.0894975 0.1849707 0.0000000 0.0030141 0.0453983 0.1125966
 34 G  34 0.0888521 0.0454518 0.0115062 0.0238074 0.0000000 0.0353152 0.0581638 0.0854707 0.0048828 0.0239790 0.1310696 0.0388064 0.0127334 0.0165667 0.0413048 0.0529810 0.0498584 0.0136077 0.0000000 0.0303649 0.2352783
 35 N  35 0.0551327 0.0095533 0.0336658 0.0301169 0.0000000 0.1262878 0.0865754 0.0256043 0.0074146 0.0040963 0.0051371 0.0067747 0.0022368 0.0000000 0.1549953 0.0849119 0.0821999 0.0000000 0.0000000 0.0111834 0.2741135
 36 S  36 0.1477096 0.0024781 0.0242116 0.0727894 0.0000000 0.0194309 0.0107843 0.0671796 0.0029944 0.0000000 0.0132609 0.0073819 0.0021579 0.0048280 0.0631782 0.0924544 0.0367019 0.0000000 0.0123705 0.0220647 0.3980237
 37 S  37 0.0584588 0.0083000 0.0167704 0.0143143 0.0000000 0.0348126 0.0113166 0.0181710 0.0029726 0.0023460 0.0000000 0.0181612 0.0068824 0.0000000 0.0901169 0.0956488 0.0887721 0.0000000 0.0053209 0.0063908 0.5212445
 38 S  38 0.0460981 0.0038351 0.0131993 0.0198115 0.0000000 0.0165178 0.1023781 0.0060239 0.0023954 0.0021263 0.0042826 0.0360359 0.0000000 0.0000000 0.0312114 0.0762350 0.0234545 0.0000000 0.0000000 0.0091665 0.6072286
 39 G  39 0.0376773 0.0000000 0.0000000 0.0000000 0.0000000 0.0000000 0.0000000 0.1111177 0.0000000 0.0000000 0.0000000 0.0000000 0.0000000 0.0000000 0.0000000 0.0000000 0.0000000 0.0000000 0.0000000 0.0000000 0.8512050
