   39         A         R         N         D         C         Q         E         G         H         I         L         K         M         F         P         S         T         W         Y         V    
  1 K   1 0.0000000 0.1557853 0.0000000 0.1727346 0.0000000 0.0930544 0.4733824 0.0000000 0.0000000 0.0000000 0.0000000 0.1050433 0.0000000 0.0000000 0.0000000 0.0000000 0.0000000 0.0000000 0.0000000 0.0000000
  2 L   2 0.0000000 0.0000000 0.0000000 0.0000000 0.0000000 0.0000000 0.0000000 0.0000000 0.0000000 0.0060697 0.9710448 0.0000000 0.0108118 0.0063004 0.0000000 0.0000000 0.0000000 0.0000000 0.0000000 0.0057732
  3 P   3 0.0038993 0.0000000 0.0000000 0.0000000 0.0000000 0.0000000 0.0044213 0.0000000 0.0000000 0.0000000 0.0046883 0.0048871 0.0000000 0.0000000 0.9700910 0.0035895 0.0040101 0.0000000 0.0000000 0.0044134
  4 P   4 0.1162491 0.0113708 0.0099745 0.0635213 0.0016124 0.0208759 0.1353673 0.0040383 0.0124818 0.0060739 0.0322540 0.0202837 0.0044886 0.0106586 0.4109264 0.0747204 0.0191024 0.0084768 0.0270810 0.0104426
  5 G   5 0.0114054 0.0022771 0.0659412 0.0122156 0.0000000 0.0036642 0.0067050 0.8499422 0.0055135 0.0000000 0.0026348 0.0047750 0.0026079 0.0094145 0.0155472 0.0073565 0.0000000 0.0000000 0.0000000 0.0000000
  6 W   6 0.0000000 0.0000000 0.0000000 0.0000000 0.0000000 0.0000000 0.0000000 0.0000000 0.0000000 0.0000000 0.0000000 0.0000000 0.0000000 0.0000000 0.0000000 0.0000000 0.0000000 0.9860922 0.0139078 0.0000000
  7 E   7 0.0107830 0.0253492 0.0000000 0.0214125 0.0000000 0.0250953 0.7661351 0.0000000 0.0040020 0.0381601 0.0050467 0.0229045 0.0042216 0.0000000 0.0000000 0.0129179 0.0330325 0.0000000 0.0000000 0.0309397
  8 K   8 0.1427127 0.0841111 0.0000000 0.0047277 0.0087629 0.0691724 0.2502971 0.0061335 0.0000000 0.0558703 0.0081655 0.1253922 0.0825585 0.0017347 0.0029937 0.0376254 0.0234231 0.0052263 0.0016039 0.0894889
  9 R   9 0.1683509 0.5739348 0.0017719 0.0030937 0.0120199 0.0168057 0.0032072 0.0123831 0.0261535 0.0247749 0.0227919 0.0654301 0.0041101 0.0063559 0.0000000 0.0109875 0.0128297 0.0000000 0.0134948 0.0215043
 10 M  10 0.0213351 0.0697292 0.0071459 0.0110730 0.0037354 0.0524620 0.0594334 0.0000000 0.0507088 0.0765004 0.0878148 0.0516245 0.0448023 0.0543992 0.0054525 0.0114989 0.0979678 0.0341071 0.1315509 0.1286586
 11 S  11 0.0185486 0.0063700 0.0000000 0.5669972 0.0000000 0.0000000 0.0065723 0.0000000 0.0000000 0.0000000 0.0000000 0.0000000 0.0034513 0.0000000 0.0055957 0.1726274 0.2157864 0.0000000 0.0000000 0.0040511
 12 R  12 0.0284086 0.1142504 0.0483311 0.0226601 0.0000000 0.0729264 0.0771392 0.0052512 0.0503581 0.0180193 0.0258732 0.0695528 0.0027599 0.0088443 0.3570193 0.0336828 0.0433497 0.0000000 0.0165860 0.0049877
 13 S  13 0.1464377 0.0263075 0.1425384 0.0467073 0.0000000 0.0567160 0.0201905 0.0270270 0.0147136 0.0068801 0.0047225 0.0372444 0.0026860 0.0019934 0.0314193 0.3014819 0.0741471 0.0000000 0.0031658 0.0556214
 14 S  14 0.0073879 0.0331707 0.1077371 0.1074517 0.0017403 0.0375440 0.0654136 0.0021985 0.0550418 0.0199267 0.0526219 0.0790260 0.0059122 0.0169388 0.0000000 0.1567333 0.1751533 0.0000000 0.0553685 0.0206337
 15 G  15 0.0137313 0.0099869 0.0625080 0.0062200 0.0000000 0.0136538 0.0044674 0.8452113 0.0000000 0.0000000 0.0000000 0.0393964 0.0000000 0.0000000 0.0000000 0.0048249 0.0000000 0.0000000 0.0000000 0.0000000
 16 R  16 0.0172984 0.5418159 0.0107965 0.0123395 0.0028019 0.0817396 0.0409672 0.0048930 0.0213361 0.0106446 0.0438254 0.1181899 0.0143633 0.0054917 0.0000000 0.0079286 0.0187001 0.0227029 0.0000000 0.0241653
 17 V  17 0.0252088 0.0485482 0.0072444 0.0000000 0.0021866 0.0055283 0.0215928 0.0034942 0.0045924 0.0954637 0.0171552 0.0418973 0.0069604 0.0217933 0.1406309 0.0305630 0.1890390 0.0118013 0.0499993 0.2763011
 18 Y  18 0.0000000 0.0000000 0.0000000 0.0000000 0.0060594 0.0096603 0.0000000 0.0000000 0.0033939 0.0052397 0.0066714 0.0000000 0.0000000 0.1468225 0.0000000 0.0000000 0.0000000 0.0000000 0.8121631 0.0099896
 19 Y  19 0.0000000 0.0000000 0.0000000 0.0000000 0.0000000 0.0000000 0.0000000 0.0000000 0.0000000 0.0000000 0.0000000 0.0000000 0.0000000 0.2614129 0.0000000 0.0000000 0.0000000 0.0000000 0.7385871 0.0000000
 20 F  20 0.0245642 0.0024193 0.0000000 0.0040516 0.0085547 0.0028399 0.0052719 0.0130795 0.0000000 0.2406084 0.0625496 0.0021315 0.0066678 0.0926780 0.0000000 0.0048540 0.0000000 0.0033334 0.0859090 0.4404873
 21 N  21 0.0000000 0.0000000 0.4605082 0.4418037 0.0041375 0.0057187 0.0042392 0.0000000 0.0726806 0.0000000 0.0000000 0.0000000 0.0000000 0.0000000 0.0000000 0.0066654 0.0000000 0.0000000 0.0042466 0.0000000
 22 H  22 0.0186611 0.0290681 0.0086027 0.0000000 0.0000000 0.0393469 0.0269982 0.0044111 0.6713480 0.0104052 0.0331994 0.0100577 0.0048797 0.0026699 0.0358139 0.0122578 0.0486020 0.0000000 0.0021909 0.0414874
 23 I  23 0.0818640 0.0166741 0.3288162 0.0080943 0.0023126 0.0443332 0.0488560 0.0064480 0.0253132 0.1125716 0.0410638 0.0368844 0.0047809 0.0207348 0.0153686 0.0356235 0.0529238 0.0020122 0.0214149 0.0939098
 24 T  24 0.0252467 0.0054476 0.1528085 0.0205429 0.0031089 0.0042737 0.0261309 0.0034512 0.0028795 0.0045838 0.0201273 0.0029292 0.0000000 0.0025235 0.0000000 0.0797025 0.6427017 0.0000000 0.0035421 0.0000000
 25 N  25 0.0000000 0.4219665 0.0530196 0.0000000 0.0000000 0.0857576 0.0102913 0.0944814 0.0141107 0.0000000 0.0023965 0.2843579 0.0035331 0.0000000 0.0000000 0.0219405 0.0056162 0.0025288 0.0000000 0.0000000
 26 A  26 0.0384780 0.0638326 0.0071319 0.0052095 0.0056529 0.0441223 0.1222326 0.0044176 0.0085368 0.0350504 0.0049429 0.0928635 0.0021904 0.0037692 0.0034752 0.0784172 0.4368359 0.0000000 0.0000000 0.0428412
 27 S  27 0.0030461 0.0028656 0.0030933 0.0000000 0.0035324 0.0000000 0.0000000 0.0029342 0.0000000 0.0000000 0.0000000 0.0044221 0.0025529 0.0000000 0.0000000 0.1779626 0.7879193 0.0000000 0.0028067 0.0088648
 28 Q  28 0.0019682 0.0427920 0.0021605 0.0033446 0.0033875 0.4653263 0.0000000 0.0000000 0.0201681 0.0000000 0.0020223 0.0080978 0.0000000 0.0000000 0.0041749 0.1079744 0.3304875 0.0000000 0.0042393 0.0038567
 29 W  29 0.0045614 0.0000000 0.0000000 0.0000000 0.0000000 0.0000000 0.0000000 0.0000000 0.0000000 0.0142528 0.0197435 0.0000000 0.0000000 0.0647509 0.0000000 0.0000000 0.0000000 0.8554178 0.0412736 0.0000000
 30 E  30 0.0064756 0.0099401 0.0372026 0.1304527 0.0016096 0.0650653 0.4410073 0.0024327 0.0184741 0.0402422 0.0169654 0.0317245 0.0057189 0.0050025 0.0000000 0.0442244 0.1052754 0.0000000 0.0060261 0.0321606
 31 R  31 0.0063429 0.3396057 0.0234440 0.3089657 0.0022986 0.0062178 0.0071648 0.0000000 0.0825817 0.0056220 0.0221991 0.0589446 0.0020975 0.0231088 0.0909592 0.0052221 0.0050199 0.0000000 0.0000000 0.0102056
 32 P  32 0.0000000 0.0133797 0.0000000 0.0000000 0.0000000 0.0000000 0.0000000 0.0000000 0.0000000 0.0000000 0.0000000 0.0000000 0.0000000 0.0000000 0.9866203 0.0000000 0.0000000 0.0000000 0.0000000 0.0000000
 33 S  33 0.0484345 0.3816527 0.0153562 0.0089236 0.0048697 0.0300625 0.0311383 0.0189473 0.0019171 0.0108364 0.0204350 0.0326556 0.0025316 0.0070109 0.0144736 0.1009252 0.2137799 0.0000000 0.0034795 0.0525704
 34 G  34 0.1173682 0.0603814 0.0151946 0.0310134 0.0000000 0.0460041 0.0772066 0.1135044 0.0064644 0.0353317 0.1681643 0.0526676 0.0163778 0.0223042 0.0562129 0.0711059 0.0527631 0.0178300 0.0000000 0.0401052
 35 N  35 0.0770641 0.0138078 0.0500145 0.0426841 0.0000000 0.1566678 0.1199388 0.0375299 0.0105696 0.0057801 0.0070865 0.0099267 0.0028737 0.0000000 0.2167109 0.1189383 0.1142164 0.0000000 0.0000000 0.0161910
 36 S  36 0.2505662 0.0042995 0.0386081 0.1223613 0.0000000 0.0340526 0.0187137 0.0971375 0.0050694 0.0000000 0.0226031 0.0126369 0.0036215 0.0086397 0.0999798 0.1575815 0.0616589 0.0000000 0.0245820 0.0378883
 37 S  37 0.1133639 0.0174315 0.0392991 0.0304201 0.0000000 0.0736827 0.0244926 0.0383914 0.0063455 0.0049418 0.0000000 0.0392584 0.0145820 0.0000000 0.1891118 0.1987145 0.1847938 0.0000000 0.0112374 0.0139336
 38 S  38 0.1168715 0.0099895 0.0337272 0.0498140 0.0000000 0.0413778 0.2640043 0.0155305 0.0062109 0.0055655 0.0111552 0.0955944 0.0000000 0.0000000 0.0749077 0.1910028 0.0600538 0.0000000 0.0000000 0.0241947
 39 G  39 0.2662667 0.0000000 0.0000000 0.0000000 0.0000000 0.0000000 0.0000000 0.7337333 0.0000000 0.0000000 0.0000000 0.0000000 0.0000000 0.0000000 0.0000000 0.0000000 0.0000000 0.0000000 0.0000000 0.0000000
