# PSIPRED VFORMAT (PSIPRED V4.0)

   1 K C   1.000  0.000  0.000
   2 L C   0.990  0.001  0.008
   3 P C   0.989  0.006  0.005
   4 P C   0.823  0.170  0.007
   5 G C   0.727  0.249  0.025
   6 W C   0.592  0.339  0.070
   7 E C   0.524  0.338  0.138
   8 K C   0.447  0.325  0.227
   9 R C   0.384  0.300  0.315
  10 M C   0.415  0.227  0.358
  11 S C   0.499  0.151  0.350
  12 R C   0.697  0.100  0.203
  13 S C   0.822  0.055  0.124
  14 S C   0.877  0.048  0.075
  15 G C   0.877  0.035  0.088
  16 R C   0.724  0.047  0.229
  17 V E   0.230  0.057  0.712
  18 Y E   0.173  0.063  0.764
  19 Y E   0.182  0.071  0.747
  20 F E   0.326  0.095  0.579
  21 N C   0.524  0.107  0.369
  22 H C   0.646  0.118  0.235
  23 I C   0.733  0.124  0.143
  24 T C   0.801  0.111  0.088
  25 N C   0.864  0.094  0.042
  26 A C   0.830  0.139  0.031
  27 S C   0.819  0.130  0.051
  28 Q C   0.811  0.114  0.074
  29 W C   0.849  0.082  0.068
  30 E C   0.882  0.052  0.066
  31 R C   0.960  0.011  0.029
  32 P C   0.980  0.009  0.011
  33 S C   0.990  0.006  0.004
  34 G C   0.989  0.005  0.006
  35 N C   0.990  0.007  0.003
  36 S C   0.988  0.008  0.004
  37 S C   0.991  0.005  0.004
  38 S C   0.997  0.001  0.002
  39 G C   1.000  0.000  0.000
