  126         A         R         N         D         C         Q         E         G         H         I         L         K         M         F         P         S         T         W         Y         V         X    
  1 V   1 0.0000000 0.0000000 0.0000000 0.0000000 0.0000000 0.0000000 0.0000000 0.0000000 0.0000000 0.0000000 0.0000000 0.0000000 0.0000000 0.0000000 0.0000000 0.0000000 0.0000000 0.0000000 0.0000000 0.0995374 0.9004626
  2 P   2 0.0000000 0.0000000 0.0000000 0.0000000 0.0000000 0.0000000 0.0000000 0.0000000 0.0000000 0.0000000 0.0000000 0.0000000 0.0000000 0.0000000 0.0995374 0.0000000 0.0000000 0.0000000 0.0000000 0.0000000 0.9004626
  3 E   3 0.0000000 0.0000000 0.1171205 0.0519680 0.0000000 0.0000000 0.0975063 0.0000000 0.0000000 0.0000000 0.0000000 0.0000000 0.0000000 0.0000000 0.0000000 0.0000000 0.0000000 0.0000000 0.0000000 0.0000000 0.7334052
  4 I   4 0.0519680 0.0000000 0.0000000 0.0000000 0.0000000 0.0397752 0.0000000 0.0000000 0.0000000 0.1353906 0.0000000 0.0000000 0.0000000 0.0000000 0.0000000 0.0000000 0.0000000 0.0000000 0.0000000 0.0394609 0.7334052
  5 T   5 0.0000000 0.0000000 0.0000000 0.0000000 0.0000000 0.0000000 0.0000000 0.0499369 0.0000000 0.0394609 0.0519680 0.0000000 0.0000000 0.0000000 0.0000000 0.0397752 0.0475694 0.0000000 0.0000000 0.0378843 0.7334052
  6 T   6 0.0914290 0.0000000 0.0000000 0.0000000 0.0000000 0.0000000 0.0000000 0.0897122 0.0000000 0.0000000 0.0000000 0.0000000 0.0000000 0.0000000 0.0000000 0.0000000 0.0475694 0.0000000 0.0000000 0.0378843 0.7334052
  7 A   7 0.0854537 0.0000000 0.0000000 0.0000000 0.0000000 0.0000000 0.0000000 0.1511259 0.0000000 0.0519680 0.0000000 0.0000000 0.0000000 0.0000000 0.0000000 0.0000000 0.0000000 0.0000000 0.0000000 0.0394609 0.6719914
  8 Q   8 0.0000000 0.0499369 0.0000000 0.0000000 0.0000000 0.0995374 0.0773452 0.0397752 0.0000000 0.0000000 0.0000000 0.0000000 0.0000000 0.0000000 0.0000000 0.0000000 0.0614138 0.0000000 0.0000000 0.0000000 0.6719914
  9 T   9 0.0000000 0.0000000 0.1702519 0.0000000 0.0000000 0.0000000 0.0000000 0.0000000 0.0000000 0.0000000 0.0000000 0.1113507 0.0000000 0.0000000 0.0000000 0.0000000 0.1447755 0.0000000 0.0000000 0.0000000 0.5736219
 10 I  10 0.0832888 0.0000000 0.0452381 0.0397752 0.0000000 0.0000000 0.0000000 0.0394609 0.0000000 0.0995374 0.0499369 0.0000000 0.0000000 0.0000000 0.0531315 0.0000000 0.0000000 0.0000000 0.0000000 0.0614138 0.5282174
 11 A  11 0.1767110 0.0000000 0.0000000 0.0000000 0.0000000 0.0000000 0.0454045 0.0000000 0.0000000 0.0000000 0.0000000 0.0951750 0.0000000 0.0000000 0.0531315 0.0519680 0.0773452 0.0000000 0.0000000 0.0397752 0.4604895
 12 N  12 0.0000000 0.0000000 0.2401169 0.1075031 0.0000000 0.0000000 0.0614138 0.0000000 0.0000000 0.0000000 0.0000000 0.1304767 0.0000000 0.0000000 0.0000000 0.0000000 0.0000000 0.0000000 0.0000000 0.0000000 0.4604895
 13 S  13 0.1086936 0.0000000 0.0000000 0.0000000 0.0000000 0.0000000 0.0000000 0.0000000 0.0000000 0.0000000 0.0985360 0.0000000 0.0000000 0.1291416 0.0499369 0.0995374 0.0000000 0.0000000 0.0000000 0.0850133 0.4291411
 14 V  14 0.0000000 0.0000000 0.0000000 0.0000000 0.0000000 0.0452381 0.1210605 0.0000000 0.0000000 0.1304767 0.0000000 0.0000000 0.0000000 0.0000000 0.0000000 0.0454045 0.1291416 0.0000000 0.0000000 0.0995374 0.4291411
 15 V  15 0.0000000 0.0000000 0.0000000 0.0000000 0.0000000 0.0000000 0.0000000 0.0000000 0.0000000 0.2436438 0.0000000 0.0000000 0.0000000 0.0985360 0.0000000 0.0000000 0.0000000 0.0000000 0.0000000 0.3318156 0.3260046
 16 D  16 0.1777755 0.0487961 0.0677278 0.2754187 0.0000000 0.0000000 0.0000000 0.0000000 0.0000000 0.0000000 0.0000000 0.0543404 0.0000000 0.0000000 0.0000000 0.0000000 0.0000000 0.0000000 0.0000000 0.0000000 0.3759415
 17 A  17 0.2340224 0.0000000 0.0000000 0.0000000 0.0000000 0.0000000 0.1068183 0.1501007 0.0000000 0.0000000 0.0000000 0.0531315 0.0000000 0.0000000 0.1075031 0.1225833 0.0000000 0.0000000 0.0000000 0.0000000 0.2258408
 18 K  18 0.0000000 0.0000000 0.1480029 0.0000000 0.0000000 0.0000000 0.0000000 0.1163617 0.0000000 0.0000000 0.0000000 0.1768827 0.0000000 0.0000000 0.0000000 0.2854096 0.0475023 0.0000000 0.0000000 0.0000000 0.2258408
 19 K  19 0.0000000 0.0000000 0.0000000 0.0000000 0.0000000 0.0000000 0.0000000 0.0000000 0.0000000 0.0000000 0.0000000 0.7741592 0.0000000 0.0000000 0.0000000 0.0000000 0.0000000 0.0000000 0.0000000 0.0000000 0.2258408
 20 F  20 0.0000000 0.0000000 0.0000000 0.0000000 0.0000000 0.0000000 0.0000000 0.0000000 0.0000000 0.0000000 0.1501007 0.0000000 0.0000000 0.5256889 0.0000000 0.0000000 0.0000000 0.0000000 0.0983695 0.0000000 0.2258408
 21 D  21 0.0000000 0.0000000 0.0000000 0.6285909 0.0000000 0.0000000 0.1001638 0.0000000 0.0000000 0.0000000 0.0000000 0.0454045 0.0000000 0.0000000 0.0000000 0.0000000 0.0000000 0.0000000 0.0000000 0.0000000 0.2258408
 22 Y  22 0.0000000 0.0000000 0.0000000 0.0000000 0.0677278 0.0000000 0.0000000 0.0000000 0.0000000 0.0000000 0.0000000 0.0000000 0.0000000 0.1031365 0.0000000 0.0000000 0.0000000 0.0000000 0.6032948 0.0000000 0.2258408
 23 L  23 0.0000000 0.0000000 0.0000000 0.0000000 0.0000000 0.0000000 0.0000000 0.0000000 0.0000000 0.0000000 0.3964792 0.0000000 0.0452381 0.2322781 0.0000000 0.0000000 0.0000000 0.0000000 0.0000000 0.1001638 0.2258408
 24 F  24 0.0000000 0.0000000 0.0000000 0.0000000 0.0000000 0.0000000 0.0000000 0.0000000 0.0000000 0.0000000 0.0614138 0.0000000 0.0000000 0.7127454 0.0000000 0.0000000 0.0000000 0.0000000 0.0000000 0.0000000 0.2258408
 25 G  25 0.0000000 0.0000000 0.0000000 0.0000000 0.0000000 0.0000000 0.0000000 0.7741592 0.0000000 0.0000000 0.0000000 0.0000000 0.0000000 0.0000000 0.0000000 0.0000000 0.0000000 0.0000000 0.0000000 0.0000000 0.2258408
 26 K  26 0.0313484 0.3294842 0.1304767 0.0000000 0.0000000 0.0000000 0.0000000 0.0397752 0.0000000 0.0000000 0.0000000 0.2430746 0.0000000 0.0000000 0.0000000 0.0000000 0.0000000 0.0000000 0.0000000 0.0000000 0.2258408
 27 A  27 0.3329270 0.0000000 0.0000000 0.0000000 0.0000000 0.0000000 0.0000000 0.0000000 0.0000000 0.0000000 0.0000000 0.0000000 0.0000000 0.0000000 0.0000000 0.0000000 0.0000000 0.0000000 0.0000000 0.4412322 0.2258408
 28 T  28 0.0454045 0.0531315 0.0000000 0.0397752 0.0000000 0.0000000 0.0927622 0.0000000 0.0000000 0.0000000 0.0000000 0.0878212 0.0000000 0.0000000 0.0000000 0.0519680 0.4032966 0.0000000 0.0000000 0.0000000 0.2258408
 29 G  29 0.0000000 0.0000000 0.0000000 0.0000000 0.0000000 0.0000000 0.0000000 0.3787798 0.0000000 0.0000000 0.0000000 0.0000000 0.0000000 0.0531315 0.0000000 0.2968434 0.0000000 0.0000000 0.0454045 0.0000000 0.2258408
 30 N  30 0.0000000 0.0000000 0.3626259 0.1473321 0.0000000 0.0000000 0.0000000 0.1244742 0.0000000 0.0000000 0.0000000 0.0000000 0.0000000 0.0000000 0.0000000 0.0853866 0.0543404 0.0000000 0.0000000 0.0000000 0.2258408
 31 S  31 0.0994703 0.0000000 0.0000000 0.0000000 0.0000000 0.0000000 0.0677278 0.0378843 0.0000000 0.0531315 0.0526615 0.0499369 0.0000000 0.0000000 0.1485410 0.1636168 0.0397752 0.0000000 0.0000000 0.0614138 0.2258408
 32 H  32 0.0000000 0.0000000 0.0000000 0.0000000 0.0000000 0.0000000 0.0487961 0.0000000 0.7868205 0.0000000 0.0000000 0.0000000 0.0000000 0.0000000 0.0000000 0.0543404 0.0000000 0.0000000 0.0000000 0.0000000 0.1100429
 33 T  33 0.0000000 0.0000000 0.7290058 0.0000000 0.0000000 0.0000000 0.0000000 0.0000000 0.0000000 0.0000000 0.0000000 0.0000000 0.0000000 0.0000000 0.0000000 0.0614138 0.0995374 0.0000000 0.0000000 0.0000000 0.1100429
 34 L  34 0.1086936 0.0000000 0.0000000 0.0000000 0.0000000 0.0000000 0.0000000 0.0000000 0.0000000 0.2836895 0.0995374 0.0000000 0.0000000 0.0000000 0.0000000 0.0929067 0.1937791 0.0000000 0.0000000 0.1113507 0.1100429
 35 D  35 0.1163617 0.0543404 0.0000000 0.1987656 0.0000000 0.1640122 0.1414172 0.0000000 0.0000000 0.0000000 0.0000000 0.0487961 0.0000000 0.0000000 0.0454045 0.1208593 0.0000000 0.0000000 0.0000000 0.0000000 0.1100429
 36 R  36 0.0000000 0.8899571 0.0000000 0.0000000 0.0000000 0.0000000 0.0000000 0.0000000 0.0000000 0.0000000 0.0000000 0.0000000 0.0000000 0.0000000 0.0000000 0.0000000 0.0000000 0.0000000 0.0000000 0.0000000 0.1100429
 37 T  37 0.0531315 0.0000000 0.0000000 0.0000000 0.0000000 0.0000000 0.0000000 0.0000000 0.0000000 0.0000000 0.0000000 0.0000000 0.0000000 0.0000000 0.0000000 0.7372881 0.0995374 0.0000000 0.0000000 0.0000000 0.1100429
 38 N  38 0.1291416 0.1157978 0.1706611 0.0000000 0.0000000 0.0499369 0.0000000 0.0000000 0.0000000 0.0000000 0.1937791 0.0000000 0.0000000 0.0531315 0.0000000 0.0000000 0.1248475 0.0000000 0.0000000 0.0526615 0.1100429
 39 Q  39 0.0000000 0.0000000 0.0000000 0.1614559 0.0000000 0.5697181 0.0613438 0.0475023 0.0000000 0.0000000 0.0000000 0.0000000 0.0000000 0.0000000 0.0000000 0.0000000 0.0499369 0.0000000 0.0000000 0.0000000 0.1100429
 40 L  40 0.0000000 0.0000000 0.3308141 0.0000000 0.0000000 0.0000000 0.0000000 0.0000000 0.0000000 0.0000000 0.3459059 0.0000000 0.2132371 0.0000000 0.0000000 0.0000000 0.0000000 0.0000000 0.0000000 0.0000000 0.1100429
 41 A  41 0.1960383 0.0000000 0.0544540 0.0000000 0.0000000 0.1025984 0.0000000 0.0613438 0.0000000 0.0000000 0.2797804 0.1437740 0.0000000 0.0000000 0.0000000 0.0519680 0.0000000 0.0000000 0.0000000 0.0000000 0.1100429
 42 L  42 0.0000000 0.2703720 0.0000000 0.0452381 0.0000000 0.1918206 0.0454045 0.0000000 0.0000000 0.0000000 0.1706611 0.1165240 0.0000000 0.0000000 0.0000000 0.0499369 0.0000000 0.0000000 0.0000000 0.0000000 0.1100429
 43 E  43 0.0000000 0.0000000 0.0000000 0.1834820 0.0000000 0.1460383 0.3146322 0.0000000 0.0000000 0.0613438 0.0000000 0.0526615 0.0000000 0.0000000 0.0000000 0.0000000 0.0773452 0.0000000 0.0000000 0.0544540 0.1100429
 44 M  44 0.0000000 0.0000000 0.0000000 0.0000000 0.0000000 0.0000000 0.0000000 0.0000000 0.0000000 0.0000000 0.5215614 0.0000000 0.2936308 0.0677278 0.0000000 0.0000000 0.0000000 0.0000000 0.0000000 0.0526615 0.0644185
 45 K  45 0.0906426 0.0543404 0.2615238 0.0394609 0.0000000 0.0456245 0.1088461 0.0000000 0.0000000 0.0000000 0.0000000 0.1706611 0.0000000 0.0000000 0.0000000 0.1030684 0.0614138 0.0000000 0.0000000 0.0000000 0.0644185
 46 R  46 0.0000000 0.3110785 0.0544540 0.0613438 0.0000000 0.0000000 0.0000000 0.0000000 0.0000000 0.1220683 0.0000000 0.0951750 0.0000000 0.0000000 0.0000000 0.1986998 0.0614138 0.0313484 0.0000000 0.0000000 0.0644185
 47 L  47 0.1157978 0.0000000 0.0000000 0.0000000 0.0000000 0.0000000 0.0000000 0.0000000 0.0000000 0.1557299 0.5259089 0.0000000 0.0000000 0.0000000 0.0000000 0.0000000 0.0000000 0.0000000 0.0000000 0.1381448 0.0644185
 48 G  48 0.0000000 0.0000000 0.0000000 0.0000000 0.0000000 0.0000000 0.0000000 0.9355815 0.0000000 0.0000000 0.0000000 0.0000000 0.0000000 0.0000000 0.0000000 0.0000000 0.0000000 0.0000000 0.0000000 0.0000000 0.0644185
 49 V  49 0.0000000 0.0000000 0.0000000 0.0000000 0.0000000 0.0000000 0.0000000 0.0000000 0.0000000 0.6261909 0.1086936 0.0000000 0.0000000 0.0000000 0.0000000 0.0000000 0.0000000 0.0000000 0.0000000 0.2006970 0.0644185
 50 A  50 0.0475694 0.0000000 0.0000000 0.1031365 0.0000000 0.0677278 0.0773452 0.0000000 0.0452381 0.0000000 0.0000000 0.0000000 0.0000000 0.0929068 0.1467436 0.0858024 0.0519680 0.0000000 0.1557299 0.0000000 0.1258322
 51 D  51 0.0000000 0.0000000 0.1532100 0.4727482 0.0000000 0.0000000 0.1031365 0.0000000 0.0000000 0.0000000 0.0000000 0.0000000 0.0000000 0.0000000 0.0000000 0.0000000 0.1450731 0.0000000 0.0000000 0.0000000 0.1258322
 52 D  52 0.0000000 0.0000000 0.2231335 0.1980734 0.0000000 0.0000000 0.0677278 0.0000000 0.0000000 0.0000000 0.0000000 0.0000000 0.0000000 0.0000000 0.0000000 0.0000000 0.3308926 0.0000000 0.0000000 0.0543404 0.1258322
 53 I  53 0.2546560 0.0000000 0.0454045 0.0000000 0.0000000 0.0531315 0.1303211 0.0000000 0.0000000 0.0475694 0.0452381 0.0000000 0.0519680 0.0000000 0.1426292 0.0544540 0.0487961 0.0000000 0.0000000 0.0000000 0.1258322
 54 N  54 0.2344238 0.1145453 0.1002309 0.0000000 0.0000000 0.0677278 0.0000000 0.1031365 0.0000000 0.0000000 0.0000000 0.1726867 0.0000000 0.0000000 0.0000000 0.0972061 0.0000000 0.0000000 0.0456245 0.0000000 0.0644185
 55 G  55 0.0000000 0.0000000 0.1157978 0.0452381 0.0000000 0.0000000 0.0000000 0.5954671 0.0000000 0.0000000 0.0000000 0.0000000 0.0000000 0.0000000 0.0000000 0.1113507 0.0000000 0.0000000 0.0000000 0.0000000 0.1321463
 56 H  56 0.0773452 0.4137945 0.1157978 0.0000000 0.0000000 0.0000000 0.0000000 0.0000000 0.1451619 0.0000000 0.0000000 0.1157542 0.0000000 0.0000000 0.0000000 0.0000000 0.0000000 0.0000000 0.0000000 0.0000000 0.1321463
 57 A  57 0.1393127 0.0000000 0.1439940 0.1101399 0.0000000 0.0000000 0.1496818 0.0708093 0.0000000 0.0000000 0.0000000 0.1140753 0.0000000 0.0000000 0.0000000 0.1398406 0.0000000 0.0000000 0.0000000 0.0000000 0.1321463
 58 V  58 0.0000000 0.0942006 0.0000000 0.0000000 0.0000000 0.0614138 0.0000000 0.0000000 0.0000000 0.2144866 0.0955614 0.0543404 0.2075411 0.0000000 0.0000000 0.0000000 0.0000000 0.0000000 0.0475023 0.0928075 0.1321463
 59 L  59 0.0000000 0.0000000 0.0000000 0.0000000 0.0000000 0.0000000 0.0000000 0.0000000 0.0000000 0.3520086 0.5835729 0.0000000 0.0000000 0.0000000 0.0000000 0.0000000 0.0000000 0.0000000 0.0000000 0.0000000 0.0644185
 60 A  60 0.1609512 0.0000000 0.0974392 0.0000000 0.0000000 0.0000000 0.0531315 0.0000000 0.0000000 0.1067483 0.2010361 0.0000000 0.1188725 0.0000000 0.0000000 0.0397752 0.2220460 0.0000000 0.0000000 0.0000000 0.0000000
 61 E  61 0.0000000 0.0000000 0.0452381 0.1071155 0.0000000 0.1645503 0.4193931 0.0000000 0.0000000 0.0000000 0.0000000 0.1208593 0.0454045 0.0000000 0.0000000 0.0974392 0.0000000 0.0000000 0.0000000 0.0000000 0.0000000
 62 H  62 0.0526615 0.0000000 0.0000000 0.0000000 0.0000000 0.0000000 0.0000000 0.0000000 0.4817126 0.1645503 0.0000000 0.1157978 0.0000000 0.0644185 0.0000000 0.0000000 0.0531315 0.0000000 0.0000000 0.0677278 0.0000000
 63 F  63 0.0000000 0.0000000 0.0000000 0.0000000 0.0000000 0.0000000 0.0000000 0.0000000 0.0000000 0.0000000 0.4873321 0.0000000 0.0000000 0.5126679 0.0000000 0.0000000 0.0000000 0.0000000 0.0000000 0.0000000 0.0000000
 64 T  64 0.1958987 0.0000000 0.0000000 0.0452381 0.0000000 0.0475023 0.0531315 0.0000000 0.0000000 0.0000000 0.0544540 0.1272822 0.0000000 0.0000000 0.0000000 0.1170800 0.2980695 0.0000000 0.0000000 0.0000000 0.0613438
 65 Q  65 0.0519680 0.0526615 0.0499369 0.1450966 0.0000000 0.1168021 0.1823727 0.0475023 0.0000000 0.0000000 0.0000000 0.1208593 0.0000000 0.0000000 0.0000000 0.0456245 0.0614138 0.0000000 0.0644185 0.0000000 0.0613438
 66 A  66 0.1152973 0.0000000 0.0000000 0.0000000 0.0000000 0.0000000 0.0000000 0.1031365 0.0000000 0.0644185 0.0000000 0.0000000 0.0531315 0.0000000 0.0000000 0.0544540 0.1594798 0.0000000 0.0000000 0.3887386 0.0613438
 67 T  67 0.1398537 0.0000000 0.0000000 0.0000000 0.0000000 0.0000000 0.0000000 0.0000000 0.0000000 0.0000000 0.2703433 0.0000000 0.0000000 0.1321463 0.0000000 0.0000000 0.1308858 0.0000000 0.0475023 0.2179247 0.0613438
 68 K  68 0.0000000 0.0000000 0.5477421 0.0000000 0.0000000 0.1314269 0.0000000 0.0000000 0.0000000 0.0614138 0.0000000 0.0995374 0.0000000 0.0000000 0.0000000 0.0985360 0.0000000 0.0000000 0.0000000 0.0000000 0.0613438
 69 D  69 0.1031365 0.0454045 0.1133523 0.3005054 0.0000000 0.0644185 0.0000000 0.0000000 0.0000000 0.0000000 0.0000000 0.0614138 0.0000000 0.0000000 0.0000000 0.1019563 0.1484689 0.0000000 0.0000000 0.0000000 0.0613438
 70 S  70 0.0544540 0.0000000 0.0853997 0.0000000 0.0000000 0.0000000 0.0000000 0.1291416 0.0000000 0.0000000 0.0000000 0.1831382 0.0000000 0.0644185 0.2316910 0.1904131 0.0000000 0.0000000 0.0000000 0.0000000 0.0613438
 71 N  71 0.0000000 0.0000000 0.0475694 0.0767529 0.0000000 0.0000000 0.1031365 0.1171205 0.0000000 0.0000000 0.0000000 0.0475023 0.0000000 0.0000000 0.0000000 0.1927675 0.3006756 0.0000000 0.0000000 0.0531315 0.0613438
 72 N  72 0.0000000 0.0000000 0.4342103 0.0000000 0.0000000 0.0000000 0.0614138 0.0475023 0.0000000 0.0000000 0.0000000 0.0644185 0.0000000 0.0000000 0.0544540 0.0526615 0.0000000 0.0000000 0.1208593 0.1031365 0.0613438
 73 I  73 0.0000000 0.0000000 0.0000000 0.0000000 0.0000000 0.0000000 0.0543404 0.0000000 0.0000000 0.5304682 0.0000000 0.0000000 0.0000000 0.0000000 0.0000000 0.0544540 0.0000000 0.0000000 0.0000000 0.2993936 0.0613438
 74 V  74 0.0000000 0.0000000 0.0000000 0.0543404 0.0000000 0.0000000 0.0000000 0.0000000 0.0000000 0.0394609 0.1587830 0.1545891 0.0000000 0.0000000 0.0000000 0.2010475 0.0452381 0.0000000 0.0000000 0.2788131 0.0677278
 75 K  75 0.0000000 0.2326159 0.0000000 0.3059954 0.0000000 0.0475023 0.1511975 0.0000000 0.0000000 0.0000000 0.0000000 0.1494744 0.0000000 0.0000000 0.0000000 0.0000000 0.0000000 0.0000000 0.0487961 0.0000000 0.0644185
 76 K  76 0.0000000 0.1031365 0.0000000 0.0000000 0.0000000 0.0544540 0.0000000 0.0000000 0.0000000 0.0677278 0.0000000 0.1447755 0.0000000 0.0000000 0.0000000 0.3074013 0.2580864 0.0000000 0.0000000 0.0000000 0.0644185
 77 Y  77 0.0613438 0.0000000 0.0000000 0.0000000 0.0000000 0.0000000 0.0499369 0.0000000 0.0000000 0.0000000 0.0526615 0.1708644 0.0000000 0.2605222 0.0000000 0.0000000 0.0544540 0.0000000 0.1768827 0.0000000 0.1733345
 78 T  78 0.0313484 0.0526615 0.2104567 0.0000000 0.0000000 0.0613438 0.0000000 0.0000000 0.0000000 0.0000000 0.0000000 0.0000000 0.0000000 0.0000000 0.1530734 0.1000785 0.3910376 0.0000000 0.0000000 0.0000000 0.0000000
 79 D  79 0.0000000 0.0499369 0.1471026 0.1521990 0.0000000 0.0000000 0.0000000 0.3170386 0.0000000 0.0000000 0.0000000 0.0773452 0.0000000 0.0000000 0.0000000 0.0000000 0.2019237 0.0000000 0.0000000 0.0000000 0.0544540
 80 Q  80 0.0000000 0.0475023 0.0000000 0.0613438 0.0000000 0.2162856 0.1187589 0.0773452 0.0000000 0.0000000 0.0000000 0.2085794 0.0000000 0.0000000 0.0000000 0.1176648 0.0000000 0.0000000 0.0000000 0.0454045 0.1071155
 81 Y  81 0.0000000 0.0000000 0.1417637 0.0454045 0.0000000 0.0000000 0.0000000 0.0000000 0.1019276 0.0000000 0.0613438 0.0000000 0.0000000 0.0000000 0.0000000 0.0000000 0.0000000 0.0000000 0.4972068 0.0452381 0.1071155
 82 G  82 0.0000000 0.0454045 0.0000000 0.0000000 0.0000000 0.1304767 0.0000000 0.4485637 0.0000000 0.0499369 0.1096565 0.0000000 0.0000000 0.0000000 0.0613438 0.0000000 0.0000000 0.0000000 0.0000000 0.0000000 0.1546178
 83 S  83 0.1112808 0.0000000 0.1698796 0.0000000 0.0000000 0.0000000 0.0000000 0.0526615 0.0000000 0.0000000 0.0487961 0.0906426 0.0000000 0.0000000 0.0000000 0.1389984 0.1935601 0.0000000 0.0000000 0.0922247 0.1019563
 84 F  84 0.0000000 0.0526615 0.1031365 0.0613438 0.0000000 0.0000000 0.0000000 0.0000000 0.0000000 0.0000000 0.0000000 0.0499369 0.0000000 0.5018233 0.0000000 0.0000000 0.0677278 0.0000000 0.0000000 0.0000000 0.1633701
 85 E  85 0.0000000 0.0613438 0.0000000 0.0000000 0.0000000 0.0000000 0.4873418 0.0000000 0.0000000 0.2352828 0.0000000 0.0000000 0.0000000 0.0000000 0.0000000 0.0000000 0.1140753 0.0000000 0.0000000 0.0000000 0.1019563
 86 I  86 0.0000000 0.0000000 0.0000000 0.0000000 0.0000000 0.0000000 0.0000000 0.0000000 0.0000000 0.2752470 0.1001638 0.0000000 0.0000000 0.0000000 0.0000000 0.0543404 0.2197965 0.0000000 0.0000000 0.2959983 0.0544540
 87 R  87 0.0000000 0.6906421 0.0614138 0.0000000 0.0000000 0.0000000 0.0000000 0.0000000 0.0000000 0.0000000 0.0000000 0.1321463 0.0000000 0.0000000 0.0000000 0.0000000 0.0613438 0.0000000 0.0000000 0.0000000 0.0544540
 88 E  88 0.0000000 0.0000000 0.0677278 0.1495982 0.0000000 0.0452381 0.4570878 0.0000000 0.0000000 0.0000000 0.0000000 0.1645503 0.0000000 0.0000000 0.0000000 0.0613438 0.0000000 0.0000000 0.0000000 0.0000000 0.0544540
 89 S  89 0.0000000 0.0000000 0.0000000 0.0000000 0.0000000 0.0000000 0.0000000 0.0000000 0.0000000 0.0000000 0.0000000 0.0000000 0.0000000 0.0000000 0.0000000 0.6519240 0.0000000 0.0000000 0.0000000 0.2803481 0.0677278
 90 F  90 0.0000000 0.0000000 0.0000000 0.0000000 0.0000000 0.0000000 0.1031365 0.0000000 0.0000000 0.1208593 0.4709567 0.0000000 0.0000000 0.1494744 0.0000000 0.0000000 0.0000000 0.0000000 0.0000000 0.1555731 0.0000000
 91 F  91 0.0487961 0.0000000 0.0000000 0.0000000 0.0000000 0.0000000 0.0000000 0.0000000 0.0000000 0.1144753 0.2393696 0.0614138 0.0677278 0.4137633 0.0000000 0.0000000 0.0000000 0.0000000 0.0000000 0.0544540 0.0000000
 92 I  92 0.1100429 0.0543404 0.0000000 0.0613438 0.0000000 0.0000000 0.0000000 0.0000000 0.0000000 0.3026540 0.0000000 0.0499369 0.0475023 0.0773452 0.0000000 0.1450966 0.0000000 0.0000000 0.0000000 0.1517378 0.0000000
 93 G  93 0.0000000 0.0000000 0.0677278 0.0000000 0.0000000 0.0000000 0.0000000 0.8866477 0.0000000 0.0000000 0.0000000 0.0000000 0.0000000 0.0000000 0.0000000 0.0456245 0.0000000 0.0000000 0.0000000 0.0000000 0.0000000
 94 P  94 0.0000000 0.0000000 0.0000000 0.0000000 0.0000000 0.0000000 0.0000000 0.0543404 0.0000000 0.0000000 0.0000000 0.1904854 0.0000000 0.0000000 0.6080085 0.0000000 0.0487961 0.0000000 0.0000000 0.0000000 0.0983695
 95 S  95 0.0000000 0.0614138 0.2809649 0.0000000 0.0000000 0.0526615 0.1031365 0.0000000 0.0000000 0.0000000 0.0000000 0.0000000 0.0454045 0.0000000 0.0000000 0.4564188 0.0000000 0.0000000 0.0000000 0.0000000 0.0000000
 96 G  96 0.0487961 0.0677278 0.0000000 0.0000000 0.0000000 0.0000000 0.0000000 0.8291356 0.0000000 0.0000000 0.0000000 0.0543404 0.0000000 0.0000000 0.0000000 0.0000000 0.0000000 0.0000000 0.0000000 0.0000000 0.0000000
 97 K  97 0.0000000 0.0000000 0.0000000 0.0000000 0.0000000 0.1011890 0.0000000 0.1458718 0.0000000 0.0000000 0.0000000 0.3182740 0.0000000 0.0000000 0.0543404 0.2334626 0.0487961 0.0000000 0.0000000 0.0526615 0.0454045
 98 A  98 0.2480063 0.0000000 0.0531315 0.0000000 0.0000000 0.0000000 0.0000000 0.1031365 0.0000000 0.1766439 0.0526615 0.0000000 0.0000000 0.1552810 0.0000000 0.0000000 0.0000000 0.0000000 0.0000000 0.2111393 0.0000000
 99 T  99 0.2452145 0.1612023 0.0000000 0.0677278 0.0000000 0.0614138 0.0000000 0.0000000 0.0000000 0.0000000 0.0452381 0.2032322 0.0000000 0.0000000 0.0000000 0.0000000 0.1389984 0.0000000 0.0000000 0.0769729 0.0000000
100 V 100 0.0000000 0.0000000 0.0000000 0.0000000 0.0000000 0.0452381 0.0000000 0.0000000 0.0644185 0.1031365 0.0000000 0.2926293 0.1046296 0.0000000 0.0000000 0.0000000 0.0000000 0.0000000 0.0000000 0.3285343 0.0614138
101 F 101 0.0454045 0.0000000 0.0531315 0.0000000 0.0000000 0.0000000 0.0000000 0.0000000 0.0000000 0.0000000 0.1574897 0.0000000 0.0000000 0.2945937 0.0000000 0.0677278 0.0000000 0.0000000 0.0544540 0.0543404 0.2728583
102 E 102 0.0000000 0.0531315 0.1065819 0.0000000 0.0000000 0.0313484 0.3721053 0.0000000 0.0000000 0.0000000 0.0000000 0.0000000 0.0000000 0.0677278 0.0000000 0.0000000 0.0614138 0.0000000 0.0000000 0.1031365 0.2045547
103 S 103 0.0544540 0.0543404 0.0000000 0.0000000 0.0487961 0.0000000 0.0000000 0.0613438 0.0000000 0.0000000 0.0000000 0.0000000 0.0000000 0.0677278 0.0000000 0.4089189 0.1543181 0.0000000 0.0000000 0.0000000 0.1501007
104 T 104 0.0378843 0.0000000 0.0000000 0.0531315 0.0000000 0.0000000 0.0000000 0.0000000 0.0000000 0.0000000 0.0000000 0.0000000 0.0000000 0.0614138 0.0000000 0.0394609 0.4258006 0.0000000 0.1708644 0.0613438 0.1501007
105 F 105 0.0000000 0.0000000 0.0000000 0.0000000 0.0000000 0.0000000 0.0000000 0.0000000 0.0000000 0.0000000 0.0000000 0.0677278 0.0000000 0.5249822 0.0000000 0.0000000 0.0000000 0.1802163 0.0769729 0.0000000 0.1501007
106 E 106 0.0000000 0.0000000 0.0000000 0.0677278 0.0000000 0.1167481 0.4368064 0.0000000 0.0000000 0.0000000 0.0000000 0.0452381 0.0000000 0.0000000 0.0000000 0.0000000 0.0544540 0.0000000 0.0614138 0.0613438 0.1562680
107 V 107 0.0614138 0.0000000 0.0000000 0.0613438 0.0000000 0.0000000 0.0000000 0.0677278 0.0000000 0.2689470 0.0000000 0.0000000 0.0000000 0.0000000 0.0000000 0.0974392 0.0526615 0.0000000 0.0000000 0.2341988 0.1562680
108 M 108 0.0000000 0.0000000 0.1129659 0.0614138 0.0000000 0.0000000 0.0000000 0.0000000 0.0000000 0.1001638 0.1712021 0.0000000 0.2960814 0.0000000 0.0000000 0.0000000 0.0519680 0.0000000 0.0000000 0.0499369 0.1562680
109 K 109 0.0452381 0.0000000 0.0644185 0.0519680 0.0000000 0.0313484 0.0000000 0.0614138 0.0000000 0.0000000 0.0000000 0.0475694 0.0677278 0.0000000 0.3239473 0.0000000 0.0000000 0.1501007 0.0000000 0.0000000 0.1562680
110 D 110 0.0000000 0.0000000 0.0853997 0.6906044 0.0000000 0.0000000 0.0000000 0.0000000 0.0000000 0.0000000 0.0000000 0.0000000 0.0000000 0.0000000 0.0000000 0.0000000 0.0677278 0.0000000 0.0000000 0.0000000 0.1562680
111 G 111 0.0000000 0.0000000 0.0000000 0.0000000 0.0000000 0.0000000 0.0000000 0.7145904 0.0000000 0.0000000 0.0000000 0.0000000 0.0614138 0.0000000 0.0000000 0.0677278 0.0000000 0.0000000 0.0000000 0.0000000 0.1562680
112 S 112 0.0613438 0.0000000 0.0000000 0.0499369 0.0000000 0.1131323 0.0526615 0.0397752 0.0000000 0.0000000 0.0000000 0.0000000 0.0000000 0.0000000 0.0000000 0.1768827 0.3024972 0.0000000 0.0000000 0.0000000 0.2037703
113 H 113 0.0000000 0.2847359 0.0475023 0.0000000 0.0000000 0.0000000 0.0000000 0.0000000 0.0995374 0.0000000 0.0644185 0.2298731 0.0000000 0.0000000 0.0677278 0.0000000 0.0000000 0.0000000 0.0000000 0.0000000 0.2062049
114 R 114 0.0000000 0.5710663 0.0000000 0.0000000 0.0000000 0.0000000 0.0000000 0.0000000 0.0000000 0.0000000 0.0526615 0.0614138 0.0000000 0.0000000 0.0000000 0.0677278 0.0452381 0.0000000 0.0000000 0.0456245 0.1562680
115 F 115 0.0000000 0.0000000 0.0000000 0.0000000 0.0000000 0.0000000 0.0000000 0.0000000 0.0000000 0.0526615 0.3626688 0.0000000 0.0000000 0.2992601 0.0000000 0.0000000 0.0000000 0.0000000 0.0000000 0.1291416 0.1562680
116 I 116 0.0000000 0.0000000 0.0456245 0.0000000 0.0000000 0.0000000 0.0000000 0.0000000 0.0000000 0.2479144 0.0499369 0.0000000 0.0000000 0.0000000 0.0000000 0.2775640 0.1170800 0.0000000 0.0000000 0.1056121 0.1562680
117 T 117 0.0000000 0.0000000 0.0000000 0.0000000 0.0000000 0.0000000 0.0000000 0.0000000 0.0000000 0.0000000 0.0000000 0.0000000 0.0000000 0.0000000 0.0000000 0.0000000 0.7910705 0.0000000 0.0000000 0.0526615 0.1562680
118 T 118 0.0000000 0.0000000 0.0000000 0.0000000 0.0000000 0.0000000 0.0000000 0.0000000 0.0000000 0.3310649 0.0000000 0.0526615 0.0644185 0.0000000 0.0000000 0.0000000 0.2082311 0.0000000 0.0000000 0.1873560 0.1562680
119 I 119 0.0000000 0.0000000 0.0000000 0.0000000 0.0000000 0.0000000 0.0000000 0.0000000 0.0000000 0.7417757 0.0000000 0.0475023 0.0000000 0.0000000 0.0000000 0.0000000 0.0000000 0.0000000 0.0000000 0.0000000 0.2107220
120 P 120 0.0000000 0.0000000 0.0000000 0.0000000 0.0000000 0.0000000 0.0000000 0.0000000 0.0000000 0.0953414 0.1615776 0.0000000 0.0000000 0.0000000 0.4710151 0.0000000 0.0000000 0.0000000 0.0000000 0.0613438 0.2107220
121 K 121 0.0000000 0.0000000 0.0000000 0.0000000 0.0000000 0.0000000 0.0000000 0.0000000 0.0000000 0.0000000 0.0475023 0.6179905 0.0000000 0.0000000 0.0000000 0.0000000 0.0000000 0.0000000 0.0000000 0.0000000 0.3345072
122 N 122 0.0000000 0.0000000 0.0995374 0.0378843 0.0000000 0.0000000 0.0394609 0.2337063 0.0000000 0.0000000 0.0000000 0.0000000 0.0000000 0.0000000 0.0000000 0.0000000 0.0000000 0.0000000 0.0000000 0.0000000 0.5894111
123 G 123 0.0000000 0.0000000 0.0000000 0.0000000 0.0000000 0.0000000 0.0000000 0.4105889 0.0000000 0.0000000 0.0000000 0.0000000 0.0000000 0.0000000 0.0000000 0.0000000 0.0000000 0.0000000 0.0000000 0.0000000 0.5894111
124 V 124 0.0000000 0.0000000 0.0000000 0.0000000 0.0000000 0.0000000 0.0000000 0.0000000 0.0000000 0.0000000 0.0000000 0.0000000 0.0000000 0.0000000 0.0000000 0.0000000 0.0000000 0.0000000 0.0000000 0.0995374 0.9004626
125 T 125 0.0000000 0.0000000 0.0000000 0.0000000 0.0000000 0.0000000 0.0000000 0.0000000 0.0000000 0.0000000 0.0000000 0.0000000 0.0000000 0.0000000 0.0000000 0.0000000 0.0995374 0.0000000 0.0000000 0.0000000 0.9004626
126 K 126 0.0000000 0.0000000 0.0000000 0.0000000 0.0000000 0.0000000 0.0000000 0.0000000 0.0000000 0.0000000 0.0000000 0.0995374 0.0000000 0.0000000 0.0000000 0.0000000 0.0000000 0.0000000 0.0000000 0.0000000 0.9004626
