  126         A         R         N         D         C         Q         E         G         H         I         L         K         M         F         P         S         T         W         Y         V    
  1 V   1 0.0000000 0.0000000 0.0000000 0.0000000 0.0000000 0.0000000 0.0000000 0.0000000 0.0000000 0.0000000 0.0000000 0.0000000 0.0000000 0.0000000 0.0000000 0.0000000 0.0000000 0.0000000 0.0000000 1.0000000
  2 P   2 0.0000000 0.0000000 0.0000000 0.0000000 0.0000000 0.0000000 0.0000000 0.0000000 0.0000000 0.0000000 0.0000000 0.0000000 0.0000000 0.0000000 1.0000000 0.0000000 0.0000000 0.0000000 0.0000000 0.0000000
  3 E   3 0.0000000 0.0000000 0.4156774 0.2152002 0.0000000 0.0000000 0.3691224 0.0000000 0.0000000 0.0000000 0.0000000 0.0000000 0.0000000 0.0000000 0.0000000 0.0000000 0.0000000 0.0000000 0.0000000 0.0000000
  4 I   4 0.2152002 0.0000000 0.0000000 0.0000000 0.0000000 0.1379429 0.0000000 0.0000000 0.0000000 0.5052224 0.0000000 0.0000000 0.0000000 0.0000000 0.0000000 0.0000000 0.0000000 0.0000000 0.0000000 0.1416345
  5 T   5 0.0000000 0.0000000 0.0000000 0.0000000 0.0000000 0.0000000 0.0000000 0.1697701 0.0000000 0.1416345 0.2152002 0.0000000 0.0000000 0.0000000 0.0000000 0.1379429 0.1993523 0.0000000 0.0000000 0.1360999
  6 T   6 0.3568347 0.0000000 0.0000000 0.0000000 0.0000000 0.0000000 0.0000000 0.3077131 0.0000000 0.0000000 0.0000000 0.0000000 0.0000000 0.0000000 0.0000000 0.0000000 0.1993523 0.0000000 0.0000000 0.1360999
  7 A   7 0.2791735 0.0000000 0.0000000 0.0000000 0.0000000 0.0000000 0.0000000 0.4238579 0.0000000 0.1790961 0.0000000 0.0000000 0.0000000 0.0000000 0.0000000 0.0000000 0.0000000 0.0000000 0.0000000 0.1178725
  8 Q   8 0.0000000 0.1412878 0.0000000 0.0000000 0.0000000 0.3450031 0.2311390 0.1148003 0.0000000 0.0000000 0.0000000 0.0000000 0.0000000 0.0000000 0.0000000 0.0000000 0.1677697 0.0000000 0.0000000 0.0000000
  9 T   9 0.0000000 0.0000000 0.3769110 0.0000000 0.0000000 0.0000000 0.0000000 0.0000000 0.0000000 0.0000000 0.0000000 0.2459865 0.0000000 0.0000000 0.0000000 0.0000000 0.3771024 0.0000000 0.0000000 0.0000000
 10 I  10 0.1744331 0.0000000 0.0930106 0.0829083 0.0000000 0.0000000 0.0000000 0.0851271 0.0000000 0.2491599 0.1020375 0.0000000 0.0000000 0.0000000 0.0921608 0.0000000 0.0000000 0.0000000 0.0000000 0.1211627
 11 A  11 0.3263748 0.0000000 0.0000000 0.0000000 0.0000000 0.0000000 0.0822107 0.0000000 0.0000000 0.0000000 0.0000000 0.1731039 0.0000000 0.0000000 0.0817921 0.1147906 0.1481472 0.0000000 0.0000000 0.0735806
 12 N  12 0.0000000 0.0000000 0.4764424 0.1860872 0.0000000 0.0000000 0.1075311 0.0000000 0.0000000 0.0000000 0.0000000 0.2299393 0.0000000 0.0000000 0.0000000 0.0000000 0.0000000 0.0000000 0.0000000 0.0000000
 13 S  13 0.1920583 0.0000000 0.0000000 0.0000000 0.0000000 0.0000000 0.0000000 0.0000000 0.0000000 0.0000000 0.1555488 0.0000000 0.0000000 0.2086952 0.0858896 0.2097292 0.0000000 0.0000000 0.0000000 0.1480789
 14 V  14 0.0000000 0.0000000 0.0000000 0.0000000 0.0000000 0.0782912 0.2072250 0.0000000 0.0000000 0.2180865 0.0000000 0.0000000 0.0000000 0.0000000 0.0000000 0.0779729 0.2086952 0.0000000 0.0000000 0.2097292
 15 V  15 0.0000000 0.0000000 0.0000000 0.0000000 0.0000000 0.0000000 0.0000000 0.0000000 0.0000000 0.3706216 0.0000000 0.0000000 0.0000000 0.1353196 0.0000000 0.0000000 0.0000000 0.0000000 0.0000000 0.4940588
 16 D  16 0.2835783 0.0654698 0.1003261 0.4755427 0.0000000 0.0000000 0.0000000 0.0000000 0.0000000 0.0000000 0.0000000 0.0750830 0.0000000 0.0000000 0.0000000 0.0000000 0.0000000 0.0000000 0.0000000 0.0000000
 17 A  17 0.3137384 0.0000000 0.0000000 0.0000000 0.0000000 0.0000000 0.1374511 0.1876388 0.0000000 0.0000000 0.0000000 0.0592511 0.0000000 0.0000000 0.1348037 0.1671170 0.0000000 0.0000000 0.0000000 0.0000000
 18 K  18 0.0000000 0.0000000 0.1889876 0.0000000 0.0000000 0.0000000 0.0000000 0.1524713 0.0000000 0.0000000 0.0000000 0.2675070 0.0000000 0.0000000 0.0000000 0.3328286 0.0582056 0.0000000 0.0000000 0.0000000
 19 K  19 0.0000000 0.0000000 0.0000000 0.0000000 0.0000000 0.0000000 0.0000000 0.0000000 0.0000000 0.0000000 0.0000000 1.0000000 0.0000000 0.0000000 0.0000000 0.0000000 0.0000000 0.0000000 0.0000000 0.0000000
 20 F  20 0.0000000 0.0000000 0.0000000 0.0000000 0.0000000 0.0000000 0.0000000 0.0000000 0.0000000 0.0000000 0.1876388 0.0000000 0.0000000 0.6933126 0.0000000 0.0000000 0.0000000 0.0000000 0.1190486 0.0000000
 21 D  21 0.0000000 0.0000000 0.0000000 0.8184078 0.0000000 0.0000000 0.1220379 0.0000000 0.0000000 0.0000000 0.0000000 0.0595543 0.0000000 0.0000000 0.0000000 0.0000000 0.0000000 0.0000000 0.0000000 0.0000000
 22 Y  22 0.0000000 0.0000000 0.0000000 0.0000000 0.0815010 0.0000000 0.0000000 0.0000000 0.0000000 0.0000000 0.0000000 0.0000000 0.0000000 0.1141797 0.0000000 0.0000000 0.0000000 0.0000000 0.8043193 0.0000000
 23 L  23 0.0000000 0.0000000 0.0000000 0.0000000 0.0000000 0.0000000 0.0000000 0.0000000 0.0000000 0.0000000 0.5445872 0.0000000 0.0597975 0.2735774 0.0000000 0.0000000 0.0000000 0.0000000 0.0000000 0.1220379
 24 F  24 0.0000000 0.0000000 0.0000000 0.0000000 0.0000000 0.0000000 0.0000000 0.0000000 0.0000000 0.0000000 0.0778967 0.0000000 0.0000000 0.9221033 0.0000000 0.0000000 0.0000000 0.0000000 0.0000000 0.0000000
 25 G  25 0.0000000 0.0000000 0.0000000 0.0000000 0.0000000 0.0000000 0.0000000 1.0000000 0.0000000 0.0000000 0.0000000 0.0000000 0.0000000 0.0000000 0.0000000 0.0000000 0.0000000 0.0000000 0.0000000 0.0000000
 26 K  26 0.0393712 0.4165305 0.1665706 0.0000000 0.0000000 0.0000000 0.0000000 0.0533026 0.0000000 0.0000000 0.0000000 0.3242250 0.0000000 0.0000000 0.0000000 0.0000000 0.0000000 0.0000000 0.0000000 0.0000000
 27 A  27 0.4599711 0.0000000 0.0000000 0.0000000 0.0000000 0.0000000 0.0000000 0.0000000 0.0000000 0.0000000 0.0000000 0.0000000 0.0000000 0.0000000 0.0000000 0.0000000 0.0000000 0.0000000 0.0000000 0.5400289
 28 T  28 0.0595543 0.0592511 0.0000000 0.0533026 0.0000000 0.0000000 0.1172679 0.0000000 0.0000000 0.0000000 0.0000000 0.1181914 0.0000000 0.0000000 0.0000000 0.0831556 0.5092769 0.0000000 0.0000000 0.0000000
 29 G  29 0.0000000 0.0000000 0.0000000 0.0000000 0.0000000 0.0000000 0.0000000 0.5072241 0.0000000 0.0000000 0.0000000 0.0000000 0.0000000 0.0592511 0.0000000 0.3739705 0.0000000 0.0000000 0.0595543 0.0000000
 30 N  30 0.0000000 0.0000000 0.4883897 0.1719906 0.0000000 0.0000000 0.0000000 0.1678291 0.0000000 0.0000000 0.0000000 0.0000000 0.0000000 0.0000000 0.0000000 0.1107961 0.0609945 0.0000000 0.0000000 0.0000000
 31 S  31 0.1413612 0.0000000 0.0000000 0.0000000 0.0000000 0.0000000 0.0815010 0.0525905 0.0000000 0.0592511 0.0638323 0.0656010 0.0000000 0.0000000 0.1737340 0.2309296 0.0533026 0.0000000 0.0000000 0.0778967
 32 H  32 0.0000000 0.0000000 0.0000000 0.0000000 0.0000000 0.0000000 0.0483247 0.0000000 0.8962548 0.0000000 0.0000000 0.0000000 0.0000000 0.0000000 0.0000000 0.0554204 0.0000000 0.0000000 0.0000000 0.0000000
 33 T  33 0.0000000 0.0000000 0.7836735 0.0000000 0.0000000 0.0000000 0.0000000 0.0000000 0.0000000 0.0000000 0.0000000 0.0000000 0.0000000 0.0000000 0.0000000 0.0707780 0.1455485 0.0000000 0.0000000 0.0000000
 34 L  34 0.1332852 0.0000000 0.0000000 0.0000000 0.0000000 0.0000000 0.0000000 0.0000000 0.0000000 0.2763248 0.1455485 0.0000000 0.0000000 0.0000000 0.0000000 0.1022678 0.2121898 0.0000000 0.0000000 0.1303839
 35 D  35 0.1385374 0.0554204 0.0000000 0.2431950 0.0000000 0.1883827 0.1441385 0.0000000 0.0000000 0.0000000 0.0000000 0.0483247 0.0000000 0.0000000 0.0541119 0.1278893 0.0000000 0.0000000 0.0000000 0.0000000
 36 R  36 0.0000000 1.0000000 0.0000000 0.0000000 0.0000000 0.0000000 0.0000000 0.0000000 0.0000000 0.0000000 0.0000000 0.0000000 0.0000000 0.0000000 0.0000000 0.0000000 0.0000000 0.0000000 0.0000000 0.0000000
 37 T  37 0.0538364 0.0000000 0.0000000 0.0000000 0.0000000 0.0000000 0.0000000 0.0000000 0.0000000 0.0000000 0.0000000 0.0000000 0.0000000 0.0000000 0.0000000 0.8006152 0.1455485 0.0000000 0.0000000 0.0000000
 38 N  38 0.1448309 0.0913866 0.2297531 0.0000000 0.0000000 0.0596059 0.0000000 0.0000000 0.0000000 0.0000000 0.2121898 0.0000000 0.0000000 0.0538364 0.0000000 0.0000000 0.1503983 0.0000000 0.0000000 0.0579988
 39 Q  39 0.0000000 0.0000000 0.0000000 0.1549438 0.0000000 0.6827018 0.0498621 0.0528864 0.0000000 0.0000000 0.0000000 0.0000000 0.0000000 0.0000000 0.0000000 0.0000000 0.0596059 0.0000000 0.0000000 0.0000000
 40 L  40 0.0000000 0.0000000 0.3565244 0.0000000 0.0000000 0.0000000 0.0000000 0.0000000 0.0000000 0.0000000 0.4395967 0.0000000 0.2038789 0.0000000 0.0000000 0.0000000 0.0000000 0.0000000 0.0000000 0.0000000
 41 A  41 0.2517088 0.0000000 0.0415245 0.0000000 0.0000000 0.1176048 0.0000000 0.0498621 0.0000000 0.0000000 0.3014625 0.1622810 0.0000000 0.0000000 0.0000000 0.0755563 0.0000000 0.0000000 0.0000000 0.0000000
 42 L  42 0.0000000 0.2786082 0.0000000 0.0543328 0.0000000 0.2012104 0.0541119 0.0000000 0.0000000 0.0000000 0.2297531 0.1223777 0.0000000 0.0000000 0.0000000 0.0596059 0.0000000 0.0000000 0.0000000 0.0000000
 43 E  43 0.0000000 0.0000000 0.0000000 0.2002514 0.0000000 0.1608346 0.3920166 0.0000000 0.0000000 0.0498621 0.0000000 0.0579988 0.0000000 0.0000000 0.0000000 0.0000000 0.0975119 0.0000000 0.0000000 0.0415245
 44 M  44 0.0000000 0.0000000 0.0000000 0.0000000 0.0000000 0.0000000 0.0000000 0.0000000 0.0000000 0.0000000 0.5239934 0.0000000 0.3480309 0.0717671 0.0000000 0.0000000 0.0000000 0.0000000 0.0000000 0.0562085
 45 K  45 0.1050972 0.0537097 0.2613609 0.0481926 0.0000000 0.0308678 0.0995769 0.0000000 0.0000000 0.0000000 0.0000000 0.2226612 0.0000000 0.0000000 0.0000000 0.1099406 0.0685932 0.0000000 0.0000000 0.0000000
 46 R  46 0.0000000 0.3601950 0.0402428 0.0483230 0.0000000 0.0000000 0.0000000 0.0000000 0.0000000 0.1254768 0.0000000 0.1104216 0.0000000 0.0000000 0.0000000 0.2120786 0.0685932 0.0346690 0.0000000 0.0000000
 47 L  47 0.0885657 0.0000000 0.0000000 0.0000000 0.0000000 0.0000000 0.0000000 0.0000000 0.0000000 0.1661491 0.5889340 0.0000000 0.0000000 0.0000000 0.0000000 0.0000000 0.0000000 0.0000000 0.0000000 0.1563511
 48 G  48 0.0000000 0.0000000 0.0000000 0.0000000 0.0000000 0.0000000 0.0000000 1.0000000 0.0000000 0.0000000 0.0000000 0.0000000 0.0000000 0.0000000 0.0000000 0.0000000 0.0000000 0.0000000 0.0000000 0.0000000
 49 V  49 0.0000000 0.0000000 0.0000000 0.0000000 0.0000000 0.0000000 0.0000000 0.0000000 0.0000000 0.6534261 0.1291709 0.0000000 0.0000000 0.0000000 0.0000000 0.0000000 0.0000000 0.0000000 0.0000000 0.2174030
 50 A  50 0.0728271 0.0000000 0.0000000 0.1079473 0.0000000 0.0770524 0.1014615 0.0000000 0.0565334 0.0000000 0.0000000 0.0000000 0.0000000 0.1113321 0.1354158 0.0804286 0.0786166 0.0000000 0.1783851 0.0000000
 51 D  51 0.0000000 0.0000000 0.1323644 0.5811744 0.0000000 0.0000000 0.1079473 0.0000000 0.0000000 0.0000000 0.0000000 0.0000000 0.0000000 0.0000000 0.0000000 0.0000000 0.1785139 0.0000000 0.0000000 0.0000000
 52 D  52 0.0000000 0.0000000 0.2499791 0.2637643 0.0000000 0.0000000 0.0770524 0.0000000 0.0000000 0.0000000 0.0000000 0.0000000 0.0000000 0.0000000 0.0000000 0.0000000 0.3515391 0.0000000 0.0000000 0.0576652
 53 I  53 0.2746288 0.0000000 0.0563036 0.0000000 0.0000000 0.0560169 0.1604610 0.0000000 0.0000000 0.0728271 0.0565334 0.0000000 0.0786166 0.0000000 0.1511240 0.0432064 0.0502821 0.0000000 0.0000000 0.0000000
 54 N  54 0.2214251 0.1207678 0.1240402 0.0000000 0.0000000 0.0717671 0.0000000 0.1005428 0.0000000 0.0000000 0.0000000 0.2047095 0.0000000 0.0000000 0.0000000 0.1258797 0.0000000 0.0000000 0.0308678 0.0000000
 55 G  55 0.0000000 0.0000000 0.0954133 0.0567267 0.0000000 0.0000000 0.0000000 0.7117312 0.0000000 0.0000000 0.0000000 0.0000000 0.0000000 0.0000000 0.0000000 0.1361288 0.0000000 0.0000000 0.0000000 0.0000000
 56 H  56 0.1018085 0.4858035 0.0954133 0.0000000 0.0000000 0.0000000 0.0000000 0.0000000 0.1852159 0.0000000 0.0000000 0.1317589 0.0000000 0.0000000 0.0000000 0.0000000 0.0000000 0.0000000 0.0000000 0.0000000
 57 A  57 0.2025270 0.0000000 0.1461896 0.1025131 0.0000000 0.0000000 0.1765907 0.0892681 0.0000000 0.0000000 0.0000000 0.1344509 0.0000000 0.0000000 0.0000000 0.1484607 0.0000000 0.0000000 0.0000000 0.0000000
 58 V  58 0.0000000 0.1069501 0.0000000 0.0000000 0.0000000 0.0738966 0.0000000 0.0000000 0.0000000 0.2559207 0.0954866 0.0578623 0.2248641 0.0000000 0.0000000 0.0000000 0.0000000 0.0000000 0.0552166 0.1298029
 59 L  59 0.0000000 0.0000000 0.0000000 0.0000000 0.0000000 0.0000000 0.0000000 0.0000000 0.0000000 0.3489825 0.6510175 0.0000000 0.0000000 0.0000000 0.0000000 0.0000000 0.0000000 0.0000000 0.0000000 0.0000000
 60 A  60 0.2042531 0.0000000 0.1062140 0.0000000 0.0000000 0.0000000 0.0508317 0.0000000 0.0000000 0.0981711 0.2040174 0.0000000 0.0649444 0.0000000 0.0000000 0.0457285 0.2258397 0.0000000 0.0000000 0.0000000
 61 E  61 0.0000000 0.0000000 0.0513004 0.0939689 0.0000000 0.1647829 0.4118901 0.0000000 0.0000000 0.0000000 0.0000000 0.1207517 0.0510918 0.0000000 0.0000000 0.1062140 0.0000000 0.0000000 0.0000000 0.0000000
 62 H  62 0.0547619 0.0000000 0.0000000 0.0000000 0.0000000 0.0000000 0.0000000 0.0000000 0.5476798 0.1647829 0.0000000 0.0862863 0.0000000 0.0257374 0.0000000 0.0000000 0.0508317 0.0000000 0.0000000 0.0699200
 63 F  63 0.0000000 0.0000000 0.0000000 0.0000000 0.0000000 0.0000000 0.0000000 0.0000000 0.0000000 0.0000000 0.4913322 0.0000000 0.0000000 0.5086678 0.0000000 0.0000000 0.0000000 0.0000000 0.0000000 0.0000000
 64 T  64 0.2083695 0.0000000 0.0000000 0.0538349 0.0000000 0.0524018 0.0533431 0.0000000 0.0000000 0.0000000 0.0411441 0.1556782 0.0000000 0.0000000 0.0000000 0.0844763 0.3507521 0.0000000 0.0000000 0.0000000
 65 Q  65 0.0748640 0.0574674 0.0590598 0.1485950 0.0000000 0.1521428 0.2000542 0.0524018 0.0000000 0.0000000 0.0000000 0.1267175 0.0000000 0.0000000 0.0000000 0.0315591 0.0701295 0.0000000 0.0270089 0.0000000
 66 A  66 0.1427252 0.0000000 0.0000000 0.0000000 0.0000000 0.0000000 0.0000000 0.1027946 0.0000000 0.0270089 0.0000000 0.0000000 0.0533431 0.0000000 0.0000000 0.0411441 0.1812129 0.0000000 0.0000000 0.4517712
 67 T  67 0.1206908 0.0000000 0.0000000 0.0000000 0.0000000 0.0000000 0.0000000 0.0000000 0.0000000 0.0000000 0.2837345 0.0000000 0.0000000 0.1003833 0.0000000 0.0000000 0.1796603 0.0000000 0.0524018 0.2631292
 68 K  68 0.0000000 0.0000000 0.5705480 0.0000000 0.0000000 0.1081486 0.0000000 0.0000000 0.0000000 0.0701295 0.0000000 0.1442148 0.0000000 0.0000000 0.0000000 0.1069591 0.0000000 0.0000000 0.0000000 0.0000000
 69 D  69 0.1027946 0.0536161 0.1049335 0.3679200 0.0000000 0.0270089 0.0000000 0.0000000 0.0000000 0.0000000 0.0000000 0.0701295 0.0000000 0.0000000 0.0000000 0.0935459 0.1800516 0.0000000 0.0000000 0.0000000
 70 S  70 0.0411441 0.0000000 0.0795468 0.0000000 0.0000000 0.0000000 0.0000000 0.1435039 0.0000000 0.0000000 0.0000000 0.2074289 0.0000000 0.0270089 0.2669389 0.2344285 0.0000000 0.0000000 0.0000000 0.0000000
 71 N  71 0.0000000 0.0000000 0.0693508 0.0890615 0.0000000 0.0000000 0.1027946 0.1446062 0.0000000 0.0000000 0.0000000 0.0524018 0.0000000 0.0000000 0.0000000 0.2193178 0.2691243 0.0000000 0.0000000 0.0533431
 72 N  72 0.0000000 0.0000000 0.5223363 0.0000000 0.0000000 0.0000000 0.0701295 0.0524018 0.0000000 0.0000000 0.0000000 0.0270089 0.0000000 0.0000000 0.0411441 0.0574674 0.0000000 0.0000000 0.1267175 0.1027946
 73 I  73 0.0000000 0.0000000 0.0000000 0.0000000 0.0000000 0.0000000 0.0549126 0.0000000 0.0000000 0.5624902 0.0000000 0.0000000 0.0000000 0.0000000 0.0000000 0.0411441 0.0000000 0.0000000 0.0000000 0.3414531
 74 V  74 0.0000000 0.0000000 0.0000000 0.0562612 0.0000000 0.0000000 0.0000000 0.0000000 0.0000000 0.0504819 0.1648173 0.1625896 0.0000000 0.0000000 0.0000000 0.2181051 0.0551570 0.0000000 0.0000000 0.2925879
 75 K  75 0.0000000 0.2213092 0.0000000 0.3209574 0.0000000 0.0512539 0.1608247 0.0000000 0.0000000 0.0000000 0.0000000 0.1988217 0.0000000 0.0000000 0.0000000 0.0000000 0.0000000 0.0000000 0.0468331 0.0000000
 76 K  76 0.0000000 0.1005428 0.0000000 0.0000000 0.0000000 0.0402428 0.0000000 0.0000000 0.0000000 0.0717671 0.0000000 0.1937113 0.0000000 0.0000000 0.0000000 0.3112222 0.2825138 0.0000000 0.0000000 0.0000000
 77 Y  77 0.0549029 0.0000000 0.0000000 0.0000000 0.0000000 0.0000000 0.0656318 0.0000000 0.0000000 0.0000000 0.0638623 0.1957727 0.0000000 0.3064752 0.0000000 0.0000000 0.0457225 0.0000000 0.2676327 0.0000000
 78 T  78 0.0337767 0.0547619 0.1775957 0.0000000 0.0000000 0.0470793 0.0000000 0.0000000 0.0000000 0.0000000 0.0000000 0.0000000 0.0000000 0.0000000 0.1542344 0.0692803 0.4632718 0.0000000 0.0000000 0.0000000
 79 D  79 0.0000000 0.0585759 0.1591726 0.2000298 0.0000000 0.0000000 0.0000000 0.2872371 0.0000000 0.0000000 0.0000000 0.0958268 0.0000000 0.0000000 0.0000000 0.0000000 0.1991579 0.0000000 0.0000000 0.0000000
 80 Q  80 0.0000000 0.0551137 0.0000000 0.0519621 0.0000000 0.2726217 0.0861612 0.1016187 0.0000000 0.0000000 0.0000000 0.2368436 0.0000000 0.0000000 0.0000000 0.1392880 0.0000000 0.0000000 0.0000000 0.0563908
 81 Y  81 0.0000000 0.0000000 0.1300255 0.0563908 0.0000000 0.0000000 0.0000000 0.0000000 0.1064637 0.0000000 0.0519621 0.0000000 0.0000000 0.0000000 0.0000000 0.0000000 0.0000000 0.0000000 0.5985369 0.0566210
 82 G  82 0.0000000 0.0596800 0.0000000 0.0000000 0.0000000 0.1669222 0.0000000 0.5626781 0.0000000 0.0657394 0.0899873 0.0000000 0.0000000 0.0000000 0.0549929 0.0000000 0.0000000 0.0000000 0.0000000 0.0000000
 83 S  83 0.1134738 0.0000000 0.1761088 0.0000000 0.0000000 0.0000000 0.0000000 0.0601212 0.0000000 0.0000000 0.0500931 0.1124130 0.0000000 0.0000000 0.0000000 0.2024218 0.1783869 0.0000000 0.0000000 0.1069814
 84 F  84 0.0000000 0.0648814 0.1160564 0.0557791 0.0000000 0.0000000 0.0000000 0.0000000 0.0000000 0.0000000 0.0000000 0.0666792 0.0000000 0.6137633 0.0000000 0.0000000 0.0828406 0.0000000 0.0000000 0.0000000
 85 E  85 0.0000000 0.0516867 0.0000000 0.0000000 0.0000000 0.0000000 0.6022636 0.0000000 0.0000000 0.2125605 0.0000000 0.0000000 0.0000000 0.0000000 0.0000000 0.0000000 0.1334892 0.0000000 0.0000000 0.0000000
 86 I  86 0.0000000 0.0000000 0.0000000 0.0000000 0.0000000 0.0000000 0.0000000 0.0000000 0.0000000 0.3171935 0.1089690 0.0000000 0.0000000 0.0000000 0.0000000 0.0544627 0.1766715 0.0000000 0.0000000 0.3427033
 87 R  87 0.0000000 0.7818839 0.0695549 0.0000000 0.0000000 0.0000000 0.0000000 0.0000000 0.0000000 0.0000000 0.0000000 0.0995608 0.0000000 0.0000000 0.0000000 0.0000000 0.0490004 0.0000000 0.0000000 0.0000000
 88 E  88 0.0000000 0.0000000 0.0727732 0.1275589 0.0000000 0.0533938 0.5257664 0.0000000 0.0000000 0.0000000 0.0000000 0.1715072 0.0000000 0.0000000 0.0000000 0.0490004 0.0000000 0.0000000 0.0000000 0.0000000
 89 S  89 0.0000000 0.0000000 0.0000000 0.0000000 0.0000000 0.0000000 0.0000000 0.0000000 0.0000000 0.0000000 0.0000000 0.0000000 0.0000000 0.0000000 0.0000000 0.7300563 0.0000000 0.0000000 0.0000000 0.2699437
 90 F  90 0.0000000 0.0000000 0.0000000 0.0000000 0.0000000 0.0000000 0.0979551 0.0000000 0.0000000 0.1207517 0.4555738 0.0000000 0.0000000 0.1937046 0.0000000 0.0000000 0.0000000 0.0000000 0.0000000 0.1320148
 91 F  91 0.0456277 0.0000000 0.0000000 0.0000000 0.0000000 0.0000000 0.0000000 0.0000000 0.0000000 0.0979110 0.2550681 0.0668278 0.0699200 0.4254383 0.0000000 0.0000000 0.0000000 0.0000000 0.0000000 0.0392070
 92 I  92 0.0558107 0.0523274 0.0000000 0.0470793 0.0000000 0.0000000 0.0000000 0.0000000 0.0000000 0.3464410 0.0000000 0.0562793 0.0499348 0.0920697 0.0000000 0.1415993 0.0000000 0.0000000 0.0000000 0.1584586
 93 G  93 0.0000000 0.0000000 0.0699200 0.0000000 0.0000000 0.0000000 0.0000000 0.9000067 0.0000000 0.0000000 0.0000000 0.0000000 0.0000000 0.0000000 0.0000000 0.0300733 0.0000000 0.0000000 0.0000000 0.0000000
 94 P  94 0.0000000 0.0000000 0.0000000 0.0000000 0.0000000 0.0000000 0.0000000 0.0582796 0.0000000 0.0000000 0.0000000 0.2047373 0.0000000 0.0000000 0.6861652 0.0000000 0.0508178 0.0000000 0.0000000 0.0000000
 95 S  95 0.0000000 0.0668278 0.2624203 0.0000000 0.0000000 0.0547619 0.0979551 0.0000000 0.0000000 0.0000000 0.0000000 0.0000000 0.0510918 0.0000000 0.0000000 0.4669430 0.0000000 0.0000000 0.0000000 0.0000000
 96 G  96 0.0456277 0.0699200 0.0000000 0.0000000 0.0000000 0.0000000 0.0000000 0.8321249 0.0000000 0.0000000 0.0000000 0.0523274 0.0000000 0.0000000 0.0000000 0.0000000 0.0000000 0.0000000 0.0000000 0.0000000
 97 K  97 0.0000000 0.0000000 0.0000000 0.0000000 0.0000000 0.1186166 0.0000000 0.1602546 0.0000000 0.0000000 0.0000000 0.3362627 0.0000000 0.0000000 0.0551448 0.2239264 0.0480844 0.0000000 0.0000000 0.0577104
 98 A  98 0.3090002 0.0000000 0.0508317 0.0000000 0.0000000 0.0000000 0.0000000 0.0979551 0.0000000 0.1866826 0.0547619 0.0000000 0.0000000 0.1071111 0.0000000 0.0000000 0.0000000 0.0000000 0.0000000 0.1936574
 99 T  99 0.2145384 0.1373781 0.0000000 0.0699200 0.0000000 0.0668278 0.0000000 0.0000000 0.0000000 0.0000000 0.0513004 0.2118076 0.0000000 0.0000000 0.0000000 0.0000000 0.1843775 0.0000000 0.0000000 0.0638500
100 V 100 0.0000000 0.0000000 0.0000000 0.0000000 0.0000000 0.0549742 0.0000000 0.0000000 0.0275805 0.1049700 0.0000000 0.3253116 0.1351319 0.0000000 0.0000000 0.0000000 0.0000000 0.0000000 0.0000000 0.3520317
101 F 101 0.0704601 0.0000000 0.0701014 0.0000000 0.0000000 0.0000000 0.0000000 0.0000000 0.0000000 0.0000000 0.2364779 0.0000000 0.0000000 0.4003008 0.0000000 0.0964258 0.0000000 0.0000000 0.0540699 0.0721641
102 E 102 0.0000000 0.0635542 0.1230027 0.0000000 0.0000000 0.0422305 0.4777668 0.0000000 0.0000000 0.0000000 0.0000000 0.0000000 0.0000000 0.0874200 0.0000000 0.0000000 0.0835539 0.0000000 0.0000000 0.1224719
103 S 103 0.0467293 0.0623670 0.0000000 0.0000000 0.0543819 0.0000000 0.0000000 0.0561119 0.0000000 0.0000000 0.0000000 0.0000000 0.0000000 0.0833349 0.0000000 0.5112404 0.1858346 0.0000000 0.0000000 0.0000000
104 T 104 0.0537738 0.0000000 0.0000000 0.0605843 0.0000000 0.0000000 0.0000000 0.0000000 0.0000000 0.0000000 0.0000000 0.0000000 0.0000000 0.0796495 0.0000000 0.0559605 0.4938362 0.0000000 0.2000838 0.0561119
105 F 105 0.0000000 0.0000000 0.0000000 0.0000000 0.0000000 0.0000000 0.0000000 0.0000000 0.0000000 0.0000000 0.0000000 0.0833349 0.0000000 0.7070482 0.0000000 0.0000000 0.0000000 0.1335166 0.0761003 0.0000000
106 E 106 0.0000000 0.0000000 0.0000000 0.0821416 0.0000000 0.1287321 0.5489814 0.0000000 0.0000000 0.0000000 0.0000000 0.0602674 0.0000000 0.0000000 0.0000000 0.0000000 0.0460602 0.0000000 0.0785089 0.0553084
107 V 107 0.0785089 0.0000000 0.0000000 0.0553084 0.0000000 0.0000000 0.0000000 0.0821416 0.0000000 0.3517762 0.0000000 0.0000000 0.0000000 0.0000000 0.0000000 0.1247796 0.0643339 0.0000000 0.0000000 0.2431513
108 M 108 0.0000000 0.0000000 0.1424090 0.0785089 0.0000000 0.0000000 0.0000000 0.0000000 0.0000000 0.1229970 0.1747923 0.0000000 0.3313671 0.0000000 0.0000000 0.0000000 0.0838092 0.0000000 0.0000000 0.0661165
109 K 109 0.0602674 0.0000000 0.0302361 0.0838092 0.0000000 0.0396806 0.0000000 0.0785089 0.0000000 0.0000000 0.0000000 0.0776372 0.0821416 0.0000000 0.3586054 0.0000000 0.0000000 0.1891135 0.0000000 0.0000000
110 D 110 0.0000000 0.0000000 0.0890515 0.8288070 0.0000000 0.0000000 0.0000000 0.0000000 0.0000000 0.0000000 0.0000000 0.0000000 0.0000000 0.0000000 0.0000000 0.0000000 0.0821416 0.0000000 0.0000000 0.0000000
111 G 111 0.0000000 0.0000000 0.0000000 0.0000000 0.0000000 0.0000000 0.0000000 0.8393495 0.0000000 0.0000000 0.0000000 0.0000000 0.0785089 0.0000000 0.0000000 0.0821416 0.0000000 0.0000000 0.0000000 0.0000000
112 S 112 0.0587552 0.0000000 0.0000000 0.0702368 0.0000000 0.1510235 0.0683431 0.0570694 0.0000000 0.0000000 0.0000000 0.0000000 0.0000000 0.0000000 0.0000000 0.2864111 0.3081608 0.0000000 0.0000000 0.0000000
113 H 113 0.0000000 0.3824726 0.0628163 0.0000000 0.0000000 0.0000000 0.0000000 0.0000000 0.1728764 0.0000000 0.0323767 0.2615010 0.0000000 0.0000000 0.0879570 0.0000000 0.0000000 0.0000000 0.0000000 0.0000000
114 R 114 0.0000000 0.6794182 0.0000000 0.0000000 0.0000000 0.0000000 0.0000000 0.0000000 0.0000000 0.0000000 0.0643339 0.0785089 0.0000000 0.0000000 0.0000000 0.0821416 0.0602674 0.0000000 0.0000000 0.0353299
115 F 115 0.0000000 0.0000000 0.0000000 0.0000000 0.0000000 0.0000000 0.0000000 0.0000000 0.0000000 0.0643339 0.3703732 0.0000000 0.0000000 0.4046423 0.0000000 0.0000000 0.0000000 0.0000000 0.0000000 0.1606505
116 I 116 0.0000000 0.0000000 0.0353299 0.0000000 0.0000000 0.0000000 0.0000000 0.0000000 0.0000000 0.3537776 0.0661165 0.0000000 0.0000000 0.0000000 0.0000000 0.3150606 0.0945700 0.0000000 0.0000000 0.1351454
117 T 117 0.0000000 0.0000000 0.0000000 0.0000000 0.0000000 0.0000000 0.0000000 0.0000000 0.0000000 0.0000000 0.0000000 0.0000000 0.0000000 0.0000000 0.0000000 0.0000000 0.9356661 0.0000000 0.0000000 0.0643339
118 T 118 0.0000000 0.0000000 0.0000000 0.0000000 0.0000000 0.0000000 0.0000000 0.0000000 0.0000000 0.4023653 0.0000000 0.0643339 0.0302361 0.0000000 0.0000000 0.0000000 0.3092900 0.0000000 0.0000000 0.1937747
119 I 119 0.0000000 0.0000000 0.0000000 0.0000000 0.0000000 0.0000000 0.0000000 0.0000000 0.0000000 0.9385044 0.0000000 0.0614956 0.0000000 0.0000000 0.0000000 0.0000000 0.0000000 0.0000000 0.0000000 0.0000000
120 P 120 0.0000000 0.0000000 0.0000000 0.0000000 0.0000000 0.0000000 0.0000000 0.0000000 0.0000000 0.1322294 0.2112354 0.0000000 0.0000000 0.0000000 0.5985562 0.0000000 0.0000000 0.0000000 0.0000000 0.0579789
121 K 121 0.0000000 0.0000000 0.0000000 0.0000000 0.0000000 0.0000000 0.0000000 0.0000000 0.0000000 0.0000000 0.0736785 0.9263215 0.0000000 0.0000000 0.0000000 0.0000000 0.0000000 0.0000000 0.0000000 0.0000000
122 N 122 0.0000000 0.0000000 0.2935343 0.0963690 0.0000000 0.0000000 0.1002878 0.5098089 0.0000000 0.0000000 0.0000000 0.0000000 0.0000000 0.0000000 0.0000000 0.0000000 0.0000000 0.0000000 0.0000000 0.0000000
123 G 123 0.0000000 0.0000000 0.0000000 0.0000000 0.0000000 0.0000000 0.0000000 1.0000000 0.0000000 0.0000000 0.0000000 0.0000000 0.0000000 0.0000000 0.0000000 0.0000000 0.0000000 0.0000000 0.0000000 0.0000000
124 V 124 0.0000000 0.0000000 0.0000000 0.0000000 0.0000000 0.0000000 0.0000000 0.0000000 0.0000000 0.0000000 0.0000000 0.0000000 0.0000000 0.0000000 0.0000000 0.0000000 0.0000000 0.0000000 0.0000000 1.0000000
125 T 125 0.0000000 0.0000000 0.0000000 0.0000000 0.0000000 0.0000000 0.0000000 0.0000000 0.0000000 0.0000000 0.0000000 0.0000000 0.0000000 0.0000000 0.0000000 0.0000000 1.0000000 0.0000000 0.0000000 0.0000000
126 K 126 0.0000000 0.0000000 0.0000000 0.0000000 0.0000000 0.0000000 0.0000000 0.0000000 0.0000000 0.0000000 0.0000000 1.0000000 0.0000000 0.0000000 0.0000000 0.0000000 0.0000000 0.0000000 0.0000000 0.0000000
