# PSIPRED VFORMAT (PSIPRED V4.0)

   1 M C   1.000  0.000  0.000
   2 S C   0.994  0.001  0.005
   3 T C   0.992  0.001  0.007
   4 K C   0.993  0.003  0.004
   5 S C   0.970  0.004  0.026
   6 V C   0.547  0.008  0.445
   7 L E   0.360  0.009  0.631
   8 F E   0.477  0.007  0.516
   9 G C   0.917  0.000  0.083
  10 R C   0.934  0.001  0.066
  11 P C   0.935  0.000  0.064
  12 V C   0.929  0.001  0.070
  13 Q C   0.907  0.001  0.093
  14 T C   0.913  0.002  0.085
  15 E C   0.985  0.001  0.014
  16 G C   0.991  0.000  0.009
  17 V C   0.981  0.000  0.018
  18 P C   0.955  0.001  0.044
  19 N C   0.709  0.006  0.285
  20 V E   0.493  0.011  0.496
  21 Y E   0.489  0.012  0.500
  22 A C   0.716  0.007  0.277
  23 G C   0.937  0.001  0.062
  24 A C   0.873  0.001  0.126
  25 P C   0.696  0.001  0.303
  26 V C   0.532  0.001  0.467
  27 V E   0.383  0.001  0.617
  28 P E   0.361  0.002  0.637
  29 W C   0.782  0.000  0.218
  30 T C   0.903  0.000  0.097
  31 P C   0.977  0.000  0.023
  32 P C   0.980  0.001  0.019
  33 E C   0.981  0.001  0.018
  34 P C   0.980  0.006  0.014
  35 G C   0.890  0.015  0.095
  36 I C   0.653  0.021  0.325
  37 D C   0.605  0.026  0.369
  38 N C   0.548  0.021  0.431
  39 L E   0.403  0.015  0.582
  40 G E   0.287  0.005  0.707
  41 I E   0.211  0.001  0.788
  42 N E   0.159  0.000  0.841
  43 S E   0.067  0.000  0.932
  44 I E   0.039  0.000  0.961
  45 D E   0.033  0.000  0.967
  46 T E   0.023  0.000  0.977
  47 F E   0.026  0.000  0.974
  48 A E   0.082  0.000  0.918
  49 V E   0.443  0.000  0.557
  50 P C   0.953  0.002  0.045
  51 G C   0.957  0.002  0.041
  52 V C   0.783  0.009  0.207
  53 G C   0.748  0.006  0.247
  54 E C   0.681  0.004  0.315
  55 Y C   0.555  0.003  0.441
  56 T E   0.288  0.003  0.710
  57 V E   0.046  0.002  0.952
  58 A E   0.026  0.001  0.973
  59 F E   0.081  0.001  0.918
  60 D E   0.412  0.002  0.587
  61 G E   0.441  0.001  0.559
  62 W E   0.092  0.001  0.907
  63 V E   0.012  0.000  0.988
  64 R E   0.006  0.000  0.994
  65 V E   0.009  0.000  0.991
  66 V E   0.043  0.000  0.957
  67 R E   0.307  0.000  0.692
  68 S C   0.655  0.000  0.344
  69 P C   0.894  0.001  0.105
  70 S C   0.966  0.002  0.032
  71 T C   0.977  0.004  0.019
  72 S C   0.965  0.012  0.023
  73 G C   0.960  0.014  0.026
  74 E C   0.924  0.030  0.047
  75 W C   0.773  0.061  0.165
  76 A C   0.611  0.066  0.323
  77 D C   0.521  0.056  0.423
  78 A E   0.475  0.022  0.503
  79 E E   0.102  0.018  0.881
  80 V E   0.032  0.015  0.953
  81 Y E   0.053  0.012  0.936
  82 T E   0.077  0.008  0.915
  83 N E   0.075  0.005  0.920
  84 L E   0.055  0.003  0.942
  85 I E   0.059  0.002  0.939
  86 E E   0.063  0.001  0.935
  87 M E   0.100  0.001  0.899
  88 K E   0.069  0.001  0.929
  89 M E   0.076  0.001  0.923
  90 V E   0.142  0.002  0.856
  91 G E   0.296  0.005  0.699
  92 E E   0.378  0.008  0.614
  93 C C   0.504  0.015  0.481
  94 E C   0.643  0.021  0.336
  95 E C   0.604  0.019  0.376
  96 L E   0.486  0.016  0.498
  97 G E   0.378  0.005  0.617
  98 K E   0.259  0.002  0.740
  99 I E   0.109  0.001  0.890
 100 T E   0.070  0.001  0.928
 101 V E   0.105  0.001  0.894
 102 T E   0.221  0.001  0.778
 103 L C   0.652  0.001  0.347
 104 N C   0.971  0.001  0.028
 105 P C   0.871  0.120  0.009
 106 D C   0.833  0.143  0.024
 107 C C   0.763  0.191  0.046
 108 L C   0.721  0.221  0.058
 109 S C   0.761  0.171  0.068
 110 A C   0.855  0.100  0.045
 111 G C   0.955  0.009  0.036
 112 Q C   0.737  0.002  0.260
 113 I C   0.620  0.001  0.378
 114 R C   0.693  0.001  0.306
 115 T C   0.894  0.001  0.106
 116 P C   0.919  0.004  0.077
 117 F C   0.879  0.008  0.113
 118 D C   0.946  0.003  0.051
 119 P C   0.964  0.010  0.026
 120 Y C   0.967  0.005  0.027
 121 A C   0.983  0.003  0.015
 122 G C   0.981  0.004  0.015
 123 E C   0.963  0.007  0.030
 124 G C   0.963  0.005  0.032
 125 P C   0.924  0.032  0.045
 126 S C   0.890  0.066  0.044
 127 A C   0.607  0.356  0.037
 128 K C   0.589  0.370  0.041
 129 A C   0.579  0.364  0.057
 130 C C   0.508  0.288  0.205
 131 R E   0.269  0.271  0.460
 132 M E   0.255  0.246  0.499
 133 A E   0.266  0.209  0.524
 134 V E   0.211  0.193  0.596
 135 G E   0.250  0.131  0.619
 136 A E   0.276  0.094  0.630
 137 I E   0.118  0.081  0.800
 138 F E   0.149  0.044  0.807
 139 D E   0.208  0.031  0.761
 140 M E   0.475  0.024  0.501
 141 P C   0.937  0.029  0.033
 142 K C   0.931  0.031  0.038
 143 L C   0.910  0.027  0.062
 144 G C   0.820  0.015  0.165
 145 L C   0.578  0.015  0.407
 146 K E   0.276  0.024  0.700
 147 L E   0.257  0.025  0.719
 148 M C   0.498  0.015  0.487
 149 N C   0.723  0.003  0.274
 150 R C   0.690  0.001  0.309
 151 E C   0.564  0.001  0.435
 152 P C   0.535  0.000  0.465
 153 I E   0.288  0.000  0.712
 154 I E   0.150  0.000  0.850
 155 L E   0.089  0.000  0.911
 156 T E   0.034  0.000  0.966
 157 I E   0.050  0.000  0.949
 158 D E   0.120  0.000  0.879
 159 D E   0.096  0.000  0.904
 160 V E   0.067  0.000  0.932
 161 R E   0.091  0.000  0.909
 162 S E   0.162  0.000  0.838
 163 I E   0.476  0.000  0.523
 164 P C   0.867  0.000  0.133
 165 P C   0.889  0.001  0.111
 166 A C   0.912  0.004  0.084
 167 G C   0.923  0.003  0.074
 168 A C   0.950  0.003  0.047
 169 P C   0.964  0.007  0.030
 170 G C   0.942  0.003  0.055
 171 K C   0.876  0.003  0.122
 172 G C   0.835  0.001  0.164
 173 Q C   0.628  0.001  0.371
 174 I E   0.338  0.001  0.661
 175 Y E   0.236  0.001  0.763
 176 R E   0.134  0.001  0.864
 177 M E   0.133  0.001  0.867
 178 M E   0.206  0.000  0.794
 179 P E   0.316  0.006  0.679
 180 L C   0.520  0.009  0.471
 181 L E   0.490  0.012  0.497
 182 D C   0.573  0.010  0.417
 183 V C   0.774  0.007  0.219
 184 N C   0.866  0.005  0.129
 185 D C   0.977  0.000  0.023
 186 P C   0.996  0.001  0.003
 187 D C   0.997  0.001  0.002
 188 G C   0.995  0.000  0.004
 189 Q C   0.978  0.001  0.021
 190 P C   0.605  0.012  0.384
 191 V C   0.509  0.031  0.460
 192 A E   0.387  0.084  0.529
 193 Y E   0.244  0.113  0.643
 194 L E   0.226  0.108  0.666
 195 T E   0.304  0.099  0.597
 196 S E   0.364  0.090  0.546
 197 L E   0.402  0.085  0.514
 198 R E   0.262  0.090  0.648
 199 F E   0.245  0.083  0.672
 200 N E   0.359  0.063  0.578
 201 M C   0.552  0.052  0.395
 202 G C   0.936  0.024  0.040
 203 G C   0.963  0.020  0.017
 204 Y C   0.882  0.030  0.088
 205 L C   0.873  0.013  0.114
 206 K C   0.957  0.004  0.038
 207 P C   0.944  0.045  0.011
 208 D C   0.946  0.047  0.007
 209 Q C   0.948  0.044  0.008
 210 M C   0.998  0.001  0.000
